1 0.90771484375 0.38686131386861317 0.1376953125 0.145985401459854
0 0.060546875 0.35766423357664234 0.048828125 0.1635036496350365
0 0.10693359375 0.35474452554744523 0.0439453125 0.16642335766423358
0 0.14990234375 0.39197080291970804 0.0458984375 0.10364963503649635
0 0.203125 0.38905109489051093 0.041015625 0.08613138686131387
0 0.24658203125 0.36496350364963503 0.0439453125 0.13138686131386862
0 0.36962890625 0.318978102189781 0.1220703125 0.31386861313868614
0 0.45068359375 0.27153284671532846 0.0908203125 0.20145985401459854
0 0.62890625 0.3532846715328467 0.037109375 0.14306569343065692
0 0.646484375 0.3963503649635037 0.033203125 0.10364963503649635
0 0.68115234375 0.372992700729927 0.0322265625 0.15328467153284672
0 0.701171875 0.40072992700729926 0.05078125 0.10364963503649635
0 0.716796875 0.32262773722627736 0.025390625 0.09635036496350365
0 0.744140625 0.327007299270073 0.02734375 0.08759124087591241
0 0.77490234375 0.36715328467153285 0.0361328125 0.1386861313868613
0 0.86767578125 0.39124087591240875 0.0458984375 0.11386861313868613
0 0.91845703125 0.3956204379562044 0.0478515625 0.12262773722627737
1 0.43017578125 0.4562043795620438 0.4345703125 0.5883211678832116
