0 0.20263671875 0.71875 0.1103515625 0.3307291666666667
0 0.0126953125 0.5403645833333334 0.025390625 0.078125
0 0.03271484375 0.5546875 0.0439453125 0.0390625
0 0.08154296875 0.5403645833333334 0.0419921875 0.0546875
0 0.13720703125 0.5729166666666666 0.0361328125 0.0625
0 0.177734375 0.5729166666666666 0.02734375 0.06510416666666667
0 0.24658203125 0.6223958333333334 0.0302734375 0.09375
0 0.27490234375 0.6484375 0.0537109375 0.140625
0 0.3037109375 0.6295572916666666 0.033203125 0.07421875
0 0.3115234375 0.5533854166666666 0.029296875 0.06770833333333333
0 0.341796875 0.6549479166666666 0.04296875 0.12239583333333333
0 0.37451171875 0.6647135416666666 0.0478515625 0.16536458333333334
0 0.4375 0.6790364583333334 0.078125 0.12890625
0 0.49658203125 0.6217447916666666 0.1962890625 0.21484375
0 0.6171875 0.599609375 0.037109375 0.14713541666666666
0 0.6533203125 0.63671875 0.04296875 0.07291666666666667
0 0.66455078125 0.5891927083333334 0.0361328125 0.053385416666666664
0 0.70751953125 0.6015625 0.0302734375 0.059895833333333336
0 0.9677734375 0.4765625 0.029296875 0.12760416666666666
1 0.7734375 0.7467447916666666 0.451171875 0.3033854166666667
