0 0.6455078125 0.8735380116959064 0.056640625 0.1739766081871345
0 0.02734375 0.8472222222222222 0.048828125 0.1739766081871345
0 0.322265625 0.8092105263157895 0.029296875 0.06286549707602339
0 0.47412109375 0.39985380116959063 0.1884765625 0.4517543859649123
0 0.416015625 0.7967836257309941 0.025390625 0.10526315789473684
0 0.4794921875 0.7916666666666666 0.0234375 0.07163742690058479
0 0.50244140625 0.7923976608187134 0.0107421875 0.07017543859649122
0 0.54736328125 0.7880116959064327 0.0205078125 0.07309941520467836
0 0.58154296875 0.7953216374269005 0.0263671875 0.0935672514619883
0 0.59814453125 0.7850877192982456 0.0087890625 0.05555555555555555
1 0.03125 0.7931286549707602 0.0625 0.1154970760233918
1 0.169921875 0.8179824561403509 0.15625 0.07748538011695906
1 0.71337890625 0.7953216374269005 0.0810546875 0.07602339181286549
1 0.873046875 0.7887426900584795 0.064453125 0.06871345029239766
1 0.89794921875 0.8070175438596491 0.0830078125 0.07894736842105263
1 0.93798828125 0.7967836257309941 0.0419921875 0.0935672514619883
