0 0.24853515625 0.760614934114202 0.0869140625 0.05417276720351391
0 0.29248046875 0.8316251830161054 0.0302734375 0.17276720351390923
0 0.31103515625 0.8140556368960469 0.0283203125 0.16105417276720352
0 0.3369140625 0.8162518301610542 0.0234375 0.15080527086383602
0 0.35205078125 0.801610541727672 0.0205078125 0.1390922401171303
0 0.37109375 0.7474377745241582 0.009765625 0.03367496339677892
0 0.3828125 0.746705710102489 0.0078125 0.029282576866764276
0 0.4091796875 0.8103953147877013 0.029296875 0.11273792093704246
0 0.4404296875 0.8074670571010248 0.02734375 0.11566617862371889
0 0.51904296875 0.3645680819912152 0.0439453125 0.09663250366032211
0 0.52783203125 0.7613469985358712 0.0048828125 0.014641288433382138
0 0.5361328125 0.773792093704246 0.01171875 0.048316251830161056
0 0.6015625 0.7693997071742313 0.015625 0.05710102489019034
0 0.62255859375 0.773792093704246 0.0244140625 0.060029282576866766
0 0.66796875 0.7994143484626647 0.029296875 0.09956076134699854
0 0.67578125 0.7920937042459737 0.037109375 0.14641288433382138
0 0.69921875 0.8118594436310396 0.013671875 0.10688140556368961
0 0.81396484375 0.8250366032210834 0.0751953125 0.22108345534407028
0 0.8076171875 0.8330893118594437 0.056640625 0.2108345534407028
0 0.84130859375 0.7686676427525623 0.0263671875 0.07027818448023426
0 0.8662109375 0.7994143484626647 0.03125 0.12298682284040996
0 0.90869140625 0.8001464128843339 0.0302734375 0.09809663250366032
1 0.0302734375 0.8206442166910688 0.060546875 0.11273792093704246
1 0.169921875 0.7994143484626647 0.09765625 0.08199121522693997
1 0.2919921875 0.801610541727672 0.083984375 0.08638360175695461
1 0.544921875 0.7591508052708639 0.013671875 0.03367496339677892
