0 0.10595703125 0.4341142020497804 0.0283203125 0.05124450951683748
0 0.17578125 0.5102489019033675 0.07421875 0.3001464128843338
0 0.18359375 0.5344070278184481 0.087890625 0.33382137628111275
0 0.693359375 0.486090775988287 0.064453125 0.09370424597364568
0 0.74951171875 0.4582723279648609 0.0478515625 0.12005856515373353
1 0.0146484375 0.7005856515373353 0.029296875 0.29428989751098095
1 0.076171875 0.554904831625183 0.15234375 0.18448023426061494
1 0.0517578125 0.48755490483162517 0.09765625 0.06149341142020498
1 0.5361328125 0.541727672035139 0.75 0.6705710102489019
1 0.837890625 0.5592972181551976 0.322265625 0.32503660322108346
