0 0.939453125 0.34765625 0.08203125 0.34375
0 0.0810546875 0.69921875 0.162109375 0.4791666666666667
0 0.22119140625 0.5638020833333334 0.1220703125 0.2916666666666667
0 0.35107421875 0.8151041666666666 0.3056640625 0.3645833333333333
0 0.43505859375 0.3020833333333333 0.0517578125 0.07291666666666667
0 0.47119140625 0.3229166666666667 0.0498046875 0.125
0 0.498046875 0.3098958333333333 0.046875 0.09895833333333333
0 0.52392578125 0.3151041666666667 0.0517578125 0.109375
0 0.5537109375 0.33984375 0.044921875 0.13541666666666666
0 0.587890625 0.3444010416666667 0.044921875 0.16015625
0 0.6376953125 0.3567708333333333 0.05078125 0.21354166666666666
0 0.6962890625 0.3522135416666667 0.05859375 0.23567708333333334
0 0.72265625 0.3580729166666667 0.056640625 0.1953125
0 0.7666015625 0.3307291666666667 0.056640625 0.1875
0 0.82958984375 0.30859375 0.0654296875 0.1484375
0 0.8603515625 0.3190104166666667 0.068359375 0.19010416666666666
0 0.88427734375 0.2734375 0.0341796875 0.1015625
0 0.97265625 0.2766927083333333 0.0390625 0.10026041666666667
0 0.9794921875 0.3932291666666667 0.037109375 0.3125
1 0.4462890625 0.5032552083333334 0.4375 0.3294270833333333
