0 0.16552734375 0.6080729166666666 0.0556640625 0.13020833333333334
1 0.9033203125 0.7415364583333334 0.17578125 0.26953125
0 0.0361328125 0.6106770833333334 0.041015625 0.12760416666666666
0 0.09521484375 0.6015625 0.0283203125 0.1015625
0 0.2529296875 0.619140625 0.04296875 0.12369791666666667
0 0.29736328125 0.6080729166666666 0.0302734375 0.08854166666666667
0 0.31982421875 0.60546875 0.0322265625 0.08854166666666667
0 0.3427734375 0.603515625 0.033203125 0.08723958333333333
0 0.37451171875 0.59375 0.0302734375 0.10677083333333333
0 0.4326171875 0.5911458333333334 0.025390625 0.09114583333333333
0 0.4658203125 0.5833333333333334 0.021484375 0.0859375
0 0.5380859375 0.5944010416666666 0.03515625 0.09765625
0 0.77587890625 0.5885416666666666 0.0322265625 0.09635416666666667
0 0.8837890625 0.5859375 0.03125 0.078125
