0 0.02587890625 0.2452415812591508 0.0283203125 0.0629575402635432
0 0.0546875 0.28257686676427524 0.029296875 0.14641288433382138
0 0.0810546875 0.25036603221083453 0.025390625 0.09663250366032211
0 0.1005859375 0.24890190336749635 0.03515625 0.08199121522693997
0 0.111328125 0.24084919472913616 0.01953125 0.04538799414348463
1 0.091796875 0.21961932650073207 0.07421875 0.06442166910688141
1 0.49365234375 0.47291361639824303 0.8662109375 0.6354319180087847
1 0.63623046875 0.25988286969253294 0.0888671875 0.0629575402635432
1 0.6494140625 0.2554904831625183 0.09375 0.05710102489019034
1 0.98974609375 0.41874084919472915 0.0185546875 0.16398243045387995
