0 0.26123046875 0.4670138888888889 0.0791015625 0.3229166666666667
0 0.37158203125 0.5182291666666666 0.0712890625 0.140625
0 0.41650390625 0.4652777777777778 0.0498046875 0.2777777777777778
0 0.46044921875 0.4644097222222222 0.0478515625 0.2690972222222222
0 0.47265625 0.4730902777777778 0.0234375 0.13368055555555555
0 0.5107421875 0.4809027777777778 0.041015625 0.2708333333333333
0 0.5087890625 0.4609375 0.02734375 0.1892361111111111
0 0.52587890625 0.4331597222222222 0.0107421875 0.11979166666666667
0 0.5439453125 0.4539930555555556 0.033203125 0.1753472222222222
0 0.5576171875 0.453125 0.01953125 0.11805555555555555
0 0.56640625 0.4131944444444444 0.0078125 0.024305555555555556
0 0.57568359375 0.4131944444444444 0.0146484375 0.020833333333333332
0 0.6005859375 0.3880208333333333 0.04296875 0.07118055555555555
1 0.91796875 0.4348958333333333 0.15625 0.18229166666666666
1 0.98876953125 0.4809027777777778 0.0205078125 0.14930555555555555
