0 0.75830078125 0.8364963503649635 0.1455078125 0.3124087591240876
0 0.20849609375 0.7233576642335766 0.0361328125 0.16496350364963502
0 0.26220703125 0.7233576642335766 0.0400390625 0.1416058394160584
0 0.34375 0.7248175182481752 0.0625 0.2029197080291971
1 0.42529296875 0.7547445255474453 0.1240234375 0.12262773722627737
1 0.4658203125 0.7021897810218978 0.03125 0.043795620437956206
1 0.50634765625 0.6934306569343066 0.0634765625 0.05547445255474453
1 0.54248046875 0.6985401459854015 0.0537109375 0.05693430656934306
1 0.59619140625 0.6992700729927007 0.0751953125 0.058394160583941604
1 0.716796875 0.6985401459854015 0.12109375 0.08321167883211679
1 0.84619140625 0.7029197080291971 0.1787109375 0.10948905109489052
1 0.955078125 0.7058394160583942 0.087890625 0.10656934306569343
