1 0.45263671875 0.5338541666666666 0.7470703125 0.9036458333333334
0 0.802734375 0.2545572916666667 0.212890625 0.2825520833333333
0 0.90966796875 0.099609375 0.0380859375 0.16536458333333334
0 0.9765625 0.08854166666666667 0.044921875 0.09895833333333333
1 0.07666015625 0.20963541666666666 0.1533203125 0.08333333333333333
1 0.203125 0.35546875 0.40625 0.3385416666666667
1 0.35693359375 0.150390625 0.2646484375 0.13932291666666666
1 0.45166015625 0.10091145833333333 0.0751953125 0.06901041666666667
1 0.57958984375 0.103515625 0.0732421875 0.07942708333333333
1 0.7119140625 0.15364583333333334 0.140625 0.0859375
1 0.7197265625 0.08854166666666667 0.06640625 0.0625
1 0.88623046875 0.19140625 0.2255859375 0.13541666666666666
