1 0.7373046875 0.53515625 0.302734375 0.14322916666666666
0 0.10400390625 0.390625 0.0439453125 0.06510416666666667
0 0.1484375 0.37890625 0.03125 0.0703125
0 0.16455078125 0.3912760416666667 0.0341796875 0.05859375
0 0.20263671875 0.38671875 0.0458984375 0.0859375
0 0.26904296875 0.3977864583333333 0.0380859375 0.09244791666666667
0 0.30810546875 0.3990885416666667 0.0419921875 0.08984375
0 0.33837890625 0.4140625 0.0419921875 0.059895833333333336
0 0.39453125 0.4049479166666667 0.033203125 0.08333333333333333
0 0.57275390625 0.48046875 0.0751953125 0.08854166666666667
0 0.57421875 0.408203125 0.041015625 0.14192708333333334
0 0.7138671875 0.4296875 0.033203125 0.06510416666666667
0 0.72021484375 0.3977864583333333 0.0380859375 0.08723958333333333
0 0.75048828125 0.3990885416666667 0.0458984375 0.11328125
0 0.798828125 0.3587239583333333 0.078125 0.10286458333333333
0 0.79931640625 0.4459635416666667 0.0361328125 0.10026041666666667
0 0.83544921875 0.4329427083333333 0.0341796875 0.12890625
0 0.873046875 0.451171875 0.04296875 0.11328125
0 0.89501953125 0.576171875 0.0615234375 0.23046875
0 0.9033203125 0.34765625 0.0390625 0.09895833333333333
0 0.91845703125 0.396484375 0.0419921875 0.11848958333333333
0 0.93603515625 0.427734375 0.0400390625 0.15234375
0 0.94677734375 0.2662760416666667 0.0244140625 0.10807291666666667
0 0.96533203125 0.34765625 0.0458984375 0.12760416666666666
0 0.98046875 0.23958333333333334 0.0234375 0.0859375
0 0.9921875 0.20638020833333334 0.013671875 0.053385416666666664
1 0.091796875 0.5084635416666666 0.18359375 0.21223958333333334
