0 0.7373046875 0.57856093979442 0.09375 0.434654919236417
0 0.04833984375 0.7202643171806168 0.0966796875 0.4390602055800294
0 0.07177734375 0.3458149779735683 0.0556640625 0.1130690161527166
0 0.13427734375 0.44419970631424377 0.0888671875 0.36270190895741555
0 0.12646484375 0.6945668135095447 0.0693359375 0.42584434654919234
0 0.13671875 0.24082232011747431 0.076171875 0.15859030837004406
0 0.1640625 0.4155653450807636 0.037109375 0.3465491923641703
0 0.19140625 0.38252569750367105 0.04296875 0.3568281938325991
0 0.25244140625 0.8054331864904553 0.1201171875 0.38619676945668135
0 0.25732421875 0.5638766519823789 0.0947265625 0.3524229074889868
0 0.248046875 0.44273127753303965 0.072265625 0.11600587371512482
0 0.24560546875 0.33259911894273125 0.0576171875 0.19236417033773862
0 0.28564453125 0.07268722466960352 0.1103515625 0.10425844346549193
0 0.32568359375 0.30983847283406757 0.0751953125 0.2026431718061674
0 0.37353515625 0.5146842878120411 0.0927734375 0.18355359765051396
0 0.37060546875 0.30469897209985314 0.0556640625 0.3392070484581498
0 0.52734375 0.17841409691629956 0.0546875 0.3010279001468429
0 0.58642578125 0.2878120411160059 0.0869140625 0.14977973568281938
0 0.63671875 0.2922173274596182 0.08984375 0.18208516886930984
0 0.62744140625 0.15859030837004406 0.0439453125 0.14390602055800295
0 0.7060546875 0.16813509544787078 0.1015625 0.17180616740088106
0 0.734375 0.0381791483113069 0.052734375 0.07342143906020558
0 0.79931640625 0.11086637298091043 0.0771484375 0.21292217327459617
0 0.91552734375 0.21218795888399414 0.0751953125 0.3069016152716593
0 0.92626953125 0.19750367107195302 0.0556640625 0.2775330396475771
0 0.953125 0.05433186490455213 0.056640625 0.10866372980910426
0 0.9794921875 0.20631424375917767 0.0390625 0.3010279001468429
1 0.396484375 0.7856093979441997 0.34765625 0.4170337738619677
1 0.47998046875 0.5888399412628488 0.3251953125 0.3436123348017621
1 0.79248046875 0.26138032305433184 0.2607421875 0.24963289280469897
1 0.82275390625 0.1343612334801762 0.1962890625 0.22466960352422907
