0 0.16064453125 0.16276041666666666 0.0302734375 0.0703125
0 0.29345703125 0.201171875 0.1240234375 0.3528645833333333
0 0.455078125 0.19401041666666666 0.09765625 0.2526041666666667
0 0.5302734375 0.138671875 0.0234375 0.02734375
0 0.57275390625 0.189453125 0.0576171875 0.22786458333333334
0 0.7255859375 0.13346354166666666 0.025390625 0.02734375
0 0.771484375 0.12760416666666666 0.02734375 0.0390625
0 0.8056640625 0.17122395833333334 0.0390625 0.11588541666666667
0 0.8330078125 0.17903645833333334 0.03515625 0.13671875
0 0.9287109375 0.150390625 0.0234375 0.032552083333333336
0 0.97802734375 0.20572916666666666 0.0419921875 0.171875
1 0.0673828125 0.16927083333333334 0.134765625 0.09895833333333333
1 0.97509765625 0.8216145833333334 0.0478515625 0.3489583333333333
