1 0.64453125 0.5597345132743363 0.630859375 0.8716814159292036
0 0.0283203125 0.08480825958702065 0.056640625 0.1696165191740413
0 0.19384765625 0.3053097345132743 0.1240234375 0.6106194690265486
0 0.23291015625 0.2890855457227139 0.0400390625 0.20648967551622419
0 0.345703125 0.25 0.078125 0.1696165191740413
0 0.576171875 0.30383480825958703 0.173828125 0.20058997050147492
0 0.72412109375 0.32079646017699115 0.1337890625 0.1607669616519174
0 0.94140625 0.16592920353982302 0.0390625 0.03982300884955752
1 0.0947265625 0.5294985250737463 0.1875 0.7315634218289085
1 0.84228515625 0.3443952802359882 0.2841796875 0.275811209439528
1 0.955078125 0.33480825958702065 0.087890625 0.2920353982300885
