0 0.09521484375 0.8020833333333334 0.0751953125 0.07552083333333333
0 0.13720703125 0.7864583333333334 0.0380859375 0.078125
0 0.26025390625 0.8248697916666666 0.0400390625 0.17317708333333334
0 0.53466796875 0.908203125 0.1005859375 0.18098958333333334
0 0.5166015625 0.7076822916666666 0.013671875 0.022135416666666668
0 0.6640625 0.8893229166666666 0.1796875 0.21875
0 0.8876953125 0.71484375 0.037109375 0.0390625
1 0.11962890625 0.861328125 0.2392578125 0.2721354166666667
1 0.43212890625 0.83984375 0.3369140625 0.265625
1 0.86962890625 0.8619791666666666 0.2587890625 0.2734375
