0 0.02734375 0.6015625 0.017578125 0.033854166666666664
0 0.0615234375 0.7200520833333334 0.015625 0.059895833333333336
0 0.0869140625 0.697265625 0.009765625 0.02734375
0 0.1279296875 0.67578125 0.01953125 0.059895833333333336
0 0.23974609375 0.568359375 0.0087890625 0.040364583333333336
0 0.275390625 0.4186197916666667 0.013671875 0.02734375
0 0.283203125 0.578125 0.01171875 0.046875
0 0.29931640625 0.4915364583333333 0.0087890625 0.029947916666666668
0 0.3173828125 0.8528645833333334 0.017578125 0.052083333333333336
0 0.32958984375 0.8821614583333334 0.0166015625 0.07161458333333333
0 0.3486328125 0.8743489583333334 0.021484375 0.06380208333333333
0 0.45068359375 0.6497395833333334 0.0126953125 0.041666666666666664
0 0.4560546875 0.462890625 0.005859375 0.032552083333333336
0 0.47900390625 0.6022135416666666 0.0146484375 0.02734375
0 0.4912109375 0.4309895833333333 0.013671875 0.033854166666666664
0 0.521484375 0.44921875 0.01171875 0.026041666666666668
0 0.5244140625 0.4837239583333333 0.01171875 0.03515625
0 0.53662109375 0.4114583333333333 0.0087890625 0.0234375
0 0.548828125 0.4479166666666667 0.01171875 0.03125
0 0.5576171875 0.4518229166666667 0.01171875 0.0390625
0 0.56396484375 0.4173177083333333 0.0107421875 0.029947916666666668
0 0.56787109375 0.4518229166666667 0.0048828125 0.03125
0 0.5732421875 0.65625 0.015625 0.0390625
0 0.57470703125 0.4173177083333333 0.0087890625 0.024739583333333332
0 0.5771484375 0.6119791666666666 0.009765625 0.0390625
0 0.5869140625 0.7083333333333334 0.01171875 0.0546875
0 0.60009765625 0.7083333333333334 0.0146484375 0.057291666666666664
0 0.599609375 0.4322916666666667 0.01171875 0.0234375
0 0.60400390625 0.6783854166666666 0.0126953125 0.033854166666666664
0 0.62890625 0.7916666666666666 0.025390625 0.049479166666666664
0 0.6220703125 0.5625 0.009765625 0.0234375
0 0.6376953125 0.880859375 0.01953125 0.05078125
0 0.65966796875 0.6959635416666666 0.0107421875 0.045572916666666664
0 0.66748046875 0.798828125 0.0205078125 0.053385416666666664
0 0.6650390625 0.7180989583333334 0.013671875 0.05859375
0 0.67431640625 0.7063802083333334 0.0087890625 0.05859375
0 0.67431640625 0.4557291666666667 0.0068359375 0.018229166666666668
0 0.68505859375 0.4674479166666667 0.0107421875 0.033854166666666664
0 0.685546875 0.6126302083333334 0.01171875 0.045572916666666664
0 0.708984375 0.8626302083333334 0.01953125 0.07421875
0 0.70751953125 0.6204427083333334 0.0126953125 0.048177083333333336
0 0.73046875 0.642578125 0.013671875 0.05078125
0 0.74462890625 0.4609375 0.0126953125 0.033854166666666664
0 0.74755859375 0.6985677083333334 0.0107421875 0.055989583333333336
0 0.7529296875 0.4993489583333333 0.009765625 0.029947916666666668
0 0.76025390625 0.4674479166666667 0.0126953125 0.041666666666666664
0 0.76708984375 0.4830729166666667 0.0146484375 0.036458333333333336
0 0.76953125 0.5579427083333334 0.01953125 0.048177083333333336
0 0.77197265625 0.84765625 0.0185546875 0.0703125
0 0.7744140625 0.515625 0.015625 0.028645833333333332
0 0.80224609375 0.7493489583333334 0.0107421875 0.06380208333333333
0 0.81005859375 0.486328125 0.0146484375 0.037760416666666664
0 0.8125 0.51953125 0.01171875 0.0390625
0 0.8193359375 0.75390625 0.009765625 0.046875
0 0.82421875 0.79296875 0.017578125 0.059895833333333336
0 0.83642578125 0.7630208333333334 0.0166015625 0.057291666666666664
0 0.8427734375 0.787109375 0.015625 0.06640625
0 0.84814453125 0.6555989583333334 0.0205078125 0.029947916666666668
0 0.8525390625 0.7962239583333334 0.01953125 0.06640625
0 0.8564453125 0.611328125 0.013671875 0.053385416666666664
0 0.8642578125 0.62109375 0.01171875 0.044270833333333336
0 0.87646484375 0.6171875 0.0126953125 0.036458333333333336
0 0.87646484375 0.646484375 0.0126953125 0.03515625
0 0.8828125 0.5611979166666666 0.015625 0.044270833333333336
0 0.896484375 0.8548177083333334 0.015625 0.07161458333333333
0 0.89794921875 0.65234375 0.0166015625 0.041666666666666664
0 0.9052734375 0.5709635416666666 0.015625 0.045572916666666664
0 0.90966796875 0.87109375 0.0205078125 0.06770833333333333
0 0.9150390625 0.5872395833333334 0.015625 0.044270833333333336
0 0.93310546875 0.5911458333333334 0.0126953125 0.044270833333333336
0 0.96240234375 0.849609375 0.0166015625 0.06901041666666667
1 0.02392578125 0.380859375 0.0478515625 0.02734375
1 0.26318359375 0.2864583333333333 0.0244140625 0.03125
1 0.28515625 0.3170572916666667 0.029296875 0.037760416666666664
1 0.306640625 0.2981770833333333 0.0234375 0.028645833333333332
1 0.31494140625 0.2565104166666667 0.0166015625 0.028645833333333332
1 0.32470703125 0.2779947916666667 0.0205078125 0.01171875
1 0.33056640625 0.251953125 0.0146484375 0.022135416666666668
1 0.33984375 0.24479166666666666 0.013671875 0.0234375
1 0.3662109375 0.2532552083333333 0.017578125 0.024739583333333332
1 0.498046875 0.265625 0.015625 0.018229166666666668
1 0.541015625 0.2942708333333333 0.01171875 0.020833333333333332
1 0.5478515625 0.17513020833333334 0.005859375 0.009114583333333334
1 0.5498046875 0.21223958333333334 0.009765625 0.013020833333333334
1 0.638671875 0.4055989583333333 0.060546875 0.03515625
1 0.65234375 0.4075520833333333 0.060546875 0.03125
1 0.6552734375 0.4231770833333333 0.06640625 0.044270833333333336
1 0.70556640625 0.4016927083333333 0.0537109375 0.03515625
1 0.71435546875 0.4309895833333333 0.0537109375 0.028645833333333332
1 0.72607421875 0.4427083333333333 0.0673828125 0.0390625
