1 0.48486328125 0.58203125 0.9326171875 0.8333333333333334
0 0.05859375 0.3138020833333333 0.1171875 0.2942708333333333
0 0.17041015625 0.2643229166666667 0.0849609375 0.2708333333333333
0 0.2451171875 0.2532552083333333 0.119140625 0.21744791666666666
0 0.2197265625 0.23111979166666666 0.03125 0.061197916666666664
0 0.2919921875 0.21744791666666666 0.015625 0.033854166666666664
0 0.30859375 0.20247395833333334 0.021484375 0.02734375
0 0.3310546875 0.20638020833333334 0.013671875 0.01953125
0 0.36669921875 0.185546875 0.0224609375 0.024739583333333332
0 0.5498046875 0.23372395833333334 0.08984375 0.2877604166666667
0 0.64892578125 0.22200520833333334 0.1083984375 0.2955729166666667
1 0.0126953125 0.3287760416666667 0.025390625 0.18619791666666666
1 0.12353515625 0.3046875 0.0537109375 0.14322916666666666
1 0.72607421875 0.3326822916666667 0.0849609375 0.10286458333333333
1 0.87548828125 0.2649739583333333 0.2451171875 0.2799479166666667
