1 0.560546875 0.498046875 0.73046875 0.9153645833333334
0 0.03955078125 0.12109375 0.0791015625 0.23697916666666666
0 0.1220703125 0.12760416666666666 0.087890625 0.19791666666666666
0 0.65380859375 0.14583333333333334 0.0595703125 0.17447916666666666
0 0.76171875 0.11002604166666667 0.05859375 0.22005208333333334
0 0.90673828125 0.140625 0.1083984375 0.28125
0 0.94970703125 0.4778645833333333 0.0986328125 0.703125
0 0.97607421875 0.03515625 0.0458984375 0.0703125
1 0.11767578125 0.3287760416666667 0.2353515625 0.4309895833333333
1 0.564453125 0.18424479166666666 0.03515625 0.01953125
1 0.72509765625 0.095703125 0.0283203125 0.08203125
