0 0.35546875 0.5829662261380323 0.072265625 0.355359765051395
0 0.287109375 0.5734214390602056 0.064453125 0.2922173274596182
0 0.453125 0.6674008810572687 0.109375 0.618208516886931
0 0.5302734375 0.5859030837004405 0.0546875 0.2878120411160059
0 0.59521484375 0.6791483113069016 0.1044921875 0.47430249632892807
0 0.67529296875 0.5829662261380323 0.0498046875 0.19089574155653452
0 0.8896484375 0.6284875183553598 0.08203125 0.3142437591776799
0 0.96923828125 0.6108663729809104 0.0595703125 0.3377386196769457
1 0.021484375 0.47430249632892807 0.04296875 0.09397944199706314
1 0.1689453125 0.5242290748898678 0.193359375 0.1145374449339207
1 0.7744140625 0.5616740088105727 0.158203125 0.1277533039647577
1 0.953125 0.5895741556534508 0.091796875 0.1776798825256975
