0 0.93798828125 0.7141927083333334 0.0654296875 0.13932291666666666
1 0.154296875 0.642578125 0.27734375 0.20963541666666666
0 0.34033203125 0.640625 0.0048828125 0.0234375
0 0.34814453125 0.626953125 0.0048828125 0.009114583333333334
0 0.56494140625 0.6666666666666666 0.0224609375 0.09375
0 0.591796875 0.666015625 0.017578125 0.07942708333333333
1 0.2958984375 0.6341145833333334 0.064453125 0.059895833333333336
1 0.37939453125 0.658203125 0.0791015625 0.07161458333333333
1 0.43212890625 0.6497395833333334 0.0576171875 0.08072916666666667
1 0.458984375 0.6451822916666666 0.01171875 0.037760416666666664
