0 0.08935546875 0.29209370424597364 0.1787109375 0.5841874084919473
0 0.18505859375 0.17569546120058566 0.1279296875 0.3513909224011713
0 0.31298828125 0.17862371888726208 0.0888671875 0.35724743777452417
0 0.38232421875 0.15153733528550511 0.0791015625 0.30307467057101023
0 0.58984375 0.06076134699853587 0.08984375 0.12152269399707175
0 0.6572265625 0.050512445095168376 0.052734375 0.10102489019033675
0 0.67578125 0.01903367496339678 0.017578125 0.03806734992679356
0 0.75341796875 0.05856515373352855 0.0654296875 0.1171303074670571
0 0.82275390625 0.07027818448023426 0.0693359375 0.14055636896046853
0 0.89306640625 0.09663250366032211 0.0458984375 0.19326500732064422
0 0.9267578125 0.15739385065885797 0.076171875 0.31478770131771594
1 0.52001953125 0.4992679355783309 0.7880859375 0.9985358711566618
