0 0.427734375 0.29105571847507333 0.19140625 0.24780058651026393
0 0.43798828125 0.34750733137829914 0.0517578125 0.08504398826979472
0 0.515625 0.28079178885630496 0.009765625 0.054252199413489736
0 0.53466796875 0.2749266862170088 0.0185546875 0.08357771260997067
0 0.80810546875 0.28225806451612906 0.0126953125 0.039589442815249266
0 0.92333984375 0.34750733137829914 0.0791015625 0.1495601173020528
0 0.93603515625 0.2785923753665689 0.0537109375 0.15835777126099707
1 0.51025390625 0.5872434017595308 0.9111328125 0.8020527859237536
1 0.498046875 0.3189149560117302 0.029296875 0.10117302052785923
1 0.58837890625 0.2961876832844575 0.0673828125 0.04985337243401759
1 0.9306640625 0.3563049853372434 0.13671875 0.09970674486803519
