0 0.05286343612334802 0.3828125 0.10572687224669604 0.177734375
0 0.04331864904552129 0.2919921875 0.05726872246696035 0.0234375
0 0.07415565345080763 0.341796875 0.08663729809104258 0.109375
0 0.18502202643171806 0.36279296875 0.1644640234948605 0.1552734375
0 0.1776798825256975 0.26318359375 0.12922173274596183 0.0751953125
0 0.3076358296622614 0.42041015625 0.3333333333333333 0.2255859375
0 0.34948604992657856 0.27685546875 0.14390602055800295 0.1162109375
0 0.3604992657856094 0.34423828125 0.1013215859030837 0.1103515625
0 0.4911894273127753 0.361328125 0.19530102790014683 0.1484375
0 0.5036710719530103 0.28955078125 0.17914831130690162 0.1455078125
0 0.6431718061674009 0.40673828125 0.3524229074889868 0.1982421875
0 0.6901615271659325 0.3193359375 0.1262848751835536 0.16796875
0 0.8311306901615272 0.37158203125 0.16740088105726872 0.2001953125
1 0.49926578560939794 0.49951171875 0.9985315712187959 0.9990234375
