0 0.39404296875 0.30220588235294116 0.0498046875 0.075
0 0.43310546875 0.3014705882352941 0.0244140625 0.06764705882352941
0 0.53173828125 0.35441176470588237 0.1064453125 0.21764705882352942
0 0.61474609375 0.35073529411764703 0.1103515625 0.2338235294117647
0 0.87109375 0.30073529411764705 0.044921875 0.1161764705882353
0 0.87548828125 0.2485294117647059 0.0244140625 0.061764705882352944
0 0.91064453125 0.31985294117647056 0.0537109375 0.18676470588235294
0 0.9345703125 0.3058823529411765 0.0390625 0.15588235294117647
0 0.95654296875 0.26544117647058824 0.0341796875 0.057352941176470586
0 0.9765625 0.31176470588235294 0.044921875 0.17058823529411765
1 0.61474609375 0.33676470588235297 0.3447265625 0.18823529411764706
1 0.794921875 0.325 0.193359375 0.16470588235294117
