0 0.47802734375 0.173828125 0.1533203125 0.23828125
0 0.27294921875 0.458984375 0.0185546875 0.05859375
0 0.30908203125 0.4420572916666667 0.0205078125 0.029947916666666668
0 0.33349609375 0.4485677083333333 0.0205078125 0.07161458333333333
0 0.57763671875 0.4680989583333333 0.0166015625 0.09505208333333333
0 0.72998046875 0.4674479166666667 0.0166015625 0.09375
0 0.794921875 0.4661458333333333 0.025390625 0.09635416666666667
0 0.9208984375 0.4270833333333333 0.033203125 0.057291666666666664
1 0.146484375 0.4622395833333333 0.05859375 0.09114583333333333
1 0.39013671875 0.4720052083333333 0.1318359375 0.11328125
