0 0.029296875 0.75732421875 0.05859375 0.0810546875
0 0.03125 0.93359375 0.0625 0.12890625
0 0.17643229166666666 0.88330078125 0.3138020833333333 0.2294921875
0 0.18294270833333334 0.755859375 0.04296875 0.046875
0 0.287109375 0.85009765625 0.13671875 0.1494140625
0 0.3170572916666667 0.7861328125 0.06640625 0.080078125
0 0.5553385416666666 0.71923828125 0.03515625 0.0673828125
0 0.8561197916666666 0.7236328125 0.05859375 0.080078125
0 0.9075520833333334 0.70361328125 0.036458333333333336 0.0634765625
0 0.9479166666666666 0.68505859375 0.041666666666666664 0.0244140625
1 0.9303385416666666 0.78515625 0.13671875 0.185546875
