0 0.517578125 0.7208904109589042 0.046875 0.14383561643835616
0 0.59130859375 0.7311643835616438 0.0419921875 0.15753424657534246
1 0.36767578125 0.8090753424657534 0.0595703125 0.0839041095890411
1 0.41015625 0.8159246575342466 0.021484375 0.04280821917808219
1 0.42919921875 0.8193493150684932 0.0244140625 0.04280821917808219
1 0.45263671875 0.8159246575342466 0.0419921875 0.059931506849315065
1 0.45556640625 0.7679794520547946 0.0126953125 0.011986301369863013
1 0.47607421875 0.8193493150684932 0.0224609375 0.04965753424657534
1 0.47216796875 0.7893835616438356 0.0126953125 0.010273972602739725
1 0.490234375 0.773972602739726 0.009765625 0.02054794520547945
1 0.49560546875 0.8133561643835616 0.0185546875 0.023972602739726026
