1 0.92822265625 0.08519553072625698 0.1396484375 0.1564245810055866
0 0.1005859375 0.1543296089385475 0.0625 0.17737430167597765
0 0.103515625 0.9587988826815642 0.05859375 0.07681564245810056
0 0.18896484375 0.9113128491620112 0.1337890625 0.1717877094972067
0 0.1494140625 0.9643854748603352 0.02734375 0.06564245810055866
0 0.36669921875 0.8945530726256983 0.2041015625 0.2053072625698324
0 0.29833984375 0.9168994413407822 0.0498046875 0.16061452513966482
0 0.38232421875 0.9064245810055865 0.0615234375 0.16759776536312848
0 0.49755859375 0.8708100558659218 0.0556640625 0.13547486033519554
0 0.51318359375 0.9350558659217877 0.0869140625 0.12430167597765363
0 0.56005859375 0.922486033519553 0.0791015625 0.1494413407821229
0 0.65185546875 0.8561452513966481 0.1455078125 0.27932960893854747
0 0.619140625 0.9022346368715084 0.06640625 0.18994413407821228
0 0.775390625 0.8317039106145251 0.111328125 0.25558659217877094
0 0.74267578125 0.2032122905027933 0.0380859375 0.16061452513966482
0 0.82373046875 0.9141061452513967 0.0966796875 0.16620111731843576
0 0.857421875 0.8344972067039106 0.07421875 0.29748603351955305
0 0.9150390625 0.6899441340782123 0.05078125 0.0893854748603352
0 0.9296875 0.8198324022346368 0.072265625 0.22905027932960895
0 0.96923828125 0.7877094972067039 0.0576171875 0.2430167597765363
