1 0.1708984375 0.8081597222222222 0.326171875 0.3697916666666667
0 0.466796875 0.5963541666666666 0.056640625 0.2170138888888889
0 0.54443359375 0.6440972222222222 0.0751953125 0.40625
1 0.27685546875 0.5755208333333334 0.0498046875 0.036458333333333336
1 0.322265625 0.5616319444444444 0.03515625 0.036458333333333336
1 0.39013671875 0.5416666666666666 0.0244140625 0.03125
1 0.4267578125 0.5130208333333334 0.01171875 0.015625
1 0.82373046875 0.7586805555555556 0.3505859375 0.4791666666666667
1 0.80908203125 0.5173611111111112 0.0712890625 0.03819444444444445
1 0.88623046875 0.5078125 0.1279296875 0.08506944444444445
