0 0.01513671875 0.11369509043927649 0.0283203125 0.09043927648578812
0 0.07763671875 0.17829457364341086 0.1044921875 0.2454780361757106
0 0.12646484375 0.11950904392764858 0.0361328125 0.16149870801033592
0 0.15966796875 0.12209302325581395 0.0400390625 0.12532299741602068
0 0.20166015625 0.10917312661498708 0.0400390625 0.12015503875968993
0 0.24658203125 0.12209302325581395 0.0712890625 0.09431524547803617
0 0.33251953125 0.1124031007751938 0.0654296875 0.09302325581395349
0 0.36572265625 0.09237726098191215 0.0341796875 0.11757105943152454
0 0.39599609375 0.1020671834625323 0.0302734375 0.12144702842377261
0 0.44921875 0.10917312661498708 0.03125 0.09689922480620156
0 0.4697265625 0.11627906976744186 0.021484375 0.1111111111111111
0 0.505859375 0.1298449612403101 0.0390625 0.13565891472868216
0 0.54248046875 0.12596899224806202 0.0498046875 0.17183462532299743
0 0.57958984375 0.18152454780361757 0.0986328125 0.30361757105943155
0 0.66015625 0.12661498708010335 0.029296875 0.12661498708010335
0 0.7138671875 0.2739018087855297 0.119140625 0.21705426356589147
0 0.70068359375 0.09302325581395349 0.0263671875 0.06201550387596899
0 0.7265625 0.10077519379844961 0.017578125 0.06976744186046512
0 0.75830078125 0.09883720930232558 0.0244140625 0.060723514211886306
0 0.80810546875 0.23837209302325582 0.0634765625 0.17958656330749354
0 0.79833984375 0.20348837209302326 0.0419921875 0.12532299741602068
0 0.80029296875 0.10917312661498708 0.0380859375 0.0710594315245478
0 0.82763671875 0.1065891472868217 0.0341796875 0.07622739018087855
0 0.865234375 0.2590439276485788 0.091796875 0.21834625322997417
0 0.869140625 0.14147286821705427 0.04296875 0.13049095607235142
0 0.8857421875 0.1388888888888889 0.0234375 0.13049095607235142
0 0.91015625 0.13049095607235142 0.0234375 0.12919896640826872
0 0.9404296875 0.146640826873385 0.02734375 0.13049095607235142
0 0.96826171875 0.1421188630490956 0.0458984375 0.1343669250645995
1 0.47265625 0.5355297157622739 0.908203125 0.7351421188630491
1 0.73779296875 0.16602067183462532 0.1923828125 0.14082687338501293
1 0.86328125 0.1285529715762274 0.08203125 0.07881136950904392
