0 0.95556640625 0.5342565597667639 0.0615234375 0.35422740524781343
0 0.19775390625 0.5422740524781341 0.0458984375 0.16034985422740525
0 0.2265625 0.5379008746355685 0.037109375 0.14868804664723032
0 0.255859375 0.5400874635568513 0.04296875 0.15306122448979592
0 0.32080078125 0.5371720116618076 0.0478515625 0.17638483965014579
0 0.3701171875 0.5255102040816326 0.04296875 0.19970845481049562
0 0.40625 0.5357142857142857 0.05859375 0.22011661807580174
0 0.4873046875 0.5298833819241983 0.052734375 0.22886297376093295
0 0.59814453125 0.5262390670553936 0.0654296875 0.2536443148688047
0 0.70068359375 0.5386297376093294 0.0595703125 0.24635568513119532
0 0.8427734375 0.5422740524781341 0.064453125 0.2478134110787172
1 0.01123046875 0.5546647230320699 0.0224609375 0.07434402332361516
1 0.052734375 0.5459183673469388 0.07421875 0.10641399416909621
1 0.130859375 0.5510204081632653 0.11328125 0.11661807580174927
1 0.287109375 0.5677842565597667 0.033203125 0.09766763848396501
1 0.49755859375 0.5444606413994169 0.1494140625 0.15597667638483964
1 0.6044921875 0.5670553935860059 0.154296875 0.14868804664723032
1 0.80712890625 0.5553935860058309 0.2412109375 0.21282798833819241
1 0.95068359375 0.5816326530612245 0.0966796875 0.17784256559766765
