0 0.8603515625 0.5291970802919708 0.12109375 0.24671532846715327
1 0.5576171875 0.7598540145985402 0.8828125 0.4744525547445255
0 0.021484375 0.49635036496350365 0.04296875 0.4233576642335766
0 0.224609375 0.3124087591240876 0.064453125 0.08467153284671533
0 0.2421875 0.5386861313868613 0.0859375 0.21605839416058395
0 0.291015625 0.36423357664233574 0.08984375 0.27007299270072993
0 0.3681640625 0.36715328467153285 0.083984375 0.27883211678832115
0 0.37939453125 0.4985401459854015 0.1025390625 0.272992700729927
0 0.5166015625 0.4978102189781022 0.091796875 0.19562043795620437
0 0.5458984375 0.37737226277372266 0.150390625 0.3051094890510949
0 0.66064453125 0.5051094890510949 0.0654296875 0.1635036496350365
0 0.7392578125 0.4751824817518248 0.12109375 0.3197080291970803
0 0.880859375 0.41897810218978104 0.107421875 0.23941605839416058
0 0.95556640625 0.4905109489051095 0.0849609375 0.327007299270073
