0 0.78173828125 0.6881405563689604 0.0556640625 0.2225475841874085
0 0.21044921875 0.6207906295754027 0.0185546875 0.07027818448023426
0 0.23876953125 0.6471449487554904 0.0302734375 0.043923865300146414
0 0.28857421875 0.6405563689604685 0.0380859375 0.03074670571010249
0 0.3798828125 0.7313323572474377 0.064453125 0.2913616398243045
0 0.46044921875 0.726207906295754 0.0498046875 0.28989751098096633
0 0.494140625 0.726207906295754 0.037109375 0.2430453879941435
0 0.67138671875 0.7027818448023426 0.0810546875 0.2547584187408492
0 0.72412109375 0.7035139092240117 0.0458984375 0.23572474377745242
0 0.85888671875 0.62298682284041 0.0322265625 0.0746705710102489
0 0.8701171875 0.5966325036603221 0.02734375 0.05124450951683748
0 0.91015625 0.6105417276720352 0.02734375 0.03513909224011713
1 0.119140625 0.6808199121522694 0.23828125 0.17569546120058566
1 0.2607421875 0.7635431918008785 0.494140625 0.20644216691068815
1 0.3671875 0.6456808199121523 0.23046875 0.11127379209370425
1 0.5546875 0.7306002928257687 0.29296875 0.17862371888726208
1 0.66162109375 0.7108345534407028 0.2900390625 0.17130307467057102
1 0.865234375 0.7013177159590044 0.234375 0.14641288433382138
1 0.90869140625 0.6046852122986823 0.1787109375 0.11127379209370425
1 0.93212890625 0.6588579795021962 0.1318359375 0.10834553440702782
1 0.94384765625 0.6032210834553441 0.0712890625 0.03806734992679356
