0 0.02197265625 0.5153733528550513 0.0126953125 0.055636896046852125
0 0.05419921875 0.5036603221083455 0.0087890625 0.02635431918008785
0 0.07763671875 0.5219619326500732 0.0146484375 0.0746705710102489
0 0.09033203125 0.5161054172767203 0.0263671875 0.05124450951683748
0 0.109375 0.5395314787701317 0.013671875 0.10688140556368961
0 0.24072265625 0.5344070278184481 0.0283203125 0.07320644216691069
0 0.30029296875 0.5190336749633968 0.0244140625 0.0424597364568082
0 0.3984375 0.6127379209370425 0.05859375 0.2913616398243045
0 0.43017578125 0.5153733528550513 0.0146484375 0.07027818448023426
1 0.30322265625 0.6127379209370425 0.1689453125 0.17130307467057102
