0 0.5188802083333334 0.822265625 0.08203125 0.123046875
0 0.16341145833333334 0.80712890625 0.045572916666666664 0.0576171875
0 0.21419270833333334 0.80126953125 0.04296875 0.0361328125
0 0.24739583333333334 0.81787109375 0.06770833333333333 0.1044921875
0 0.2760416666666667 0.81640625 0.033854166666666664 0.06640625
0 0.3509114583333333 0.81640625 0.055989583333333336 0.083984375
0 0.4049479166666667 0.796875 0.0546875 0.0546875
0 0.4459635416666667 0.8095703125 0.05078125 0.083984375
1 0.06770833333333333 0.94921875 0.13541666666666666 0.099609375
1 0.4576822916666667 0.935546875 0.39453125 0.126953125
1 0.736328125 0.91357421875 0.3684895833333333 0.1279296875
1 0.9016927083333334 0.89404296875 0.19401041666666666 0.1396484375
