0 0.03369140625 0.533724340175953 0.0224609375 0.07038123167155426
0 0.205078125 0.5740469208211144 0.02734375 0.13343108504398826
0 0.29931640625 0.5733137829912024 0.0263671875 0.12609970674486803
0 0.3232421875 0.5623167155425219 0.02734375 0.10410557184750734
0 0.51171875 0.6429618768328446 0.052734375 0.19794721407624633
0 0.6357421875 0.5476539589442815 0.0234375 0.08064516129032258
0 0.767578125 0.6268328445747801 0.0546875 0.218475073313783
0 0.83837890625 0.6224340175953079 0.0712890625 0.2536656891495601
0 0.939453125 0.656158357771261 0.064453125 0.17155425219941348
1 0.1787109375 0.8189149560117303 0.357421875 0.3563049853372434
1 0.0888671875 0.532258064516129 0.10546875 0.08797653958944282
1 0.173828125 0.5454545454545454 0.08984375 0.09970674486803519
1 0.4248046875 0.532991202346041 0.046875 0.051319648093841645
1 0.4853515625 0.533724340175953 0.037109375 0.05571847507331378
1 0.50927734375 0.5381231671554252 0.0419921875 0.06158357771260997
