0 0.1787109375 0.5191846522781774 0.263671875 0.9520383693045563
1 0.63671875 0.5479616306954437 0.6328125 0.565947242206235
0 0.00927734375 0.35431654676258995 0.0185546875 0.1211031175059952
0 0.31689453125 0.3327338129496403 0.0361328125 0.09712230215827339
0 0.35546875 0.34772182254196643 0.044921875 0.07673860911270983
0 0.3583984375 0.3381294964028777 0.029296875 0.06235011990407674
0 0.3642578125 0.30995203836930457 0.01953125 0.017985611510791366
0 0.50634765625 0.48741007194244607 0.2294921875 0.8932853717026379
0 0.6103515625 0.36330935251798563 0.025390625 0.10071942446043165
0 0.73974609375 0.33093525179856115 0.0263671875 0.03836930455635491
1 0.4599609375 0.41127098321342925 0.291015625 0.1342925659472422
