0 0.53466796875 0.935124508519004 0.0634765625 0.127129750982962
1 0.24365234375 0.9049803407601573 0.2392578125 0.14809960681520315
0 0.57763671875 0.86435124508519 0.0341796875 0.1402359108781127
0 0.6083984375 0.8663171690694627 0.025390625 0.13368283093053734
0 0.6328125 0.8591087811271297 0.013671875 0.11402359108781127
0 0.65283203125 0.8564875491480997 0.0224609375 0.11926605504587157
0 0.6806640625 0.8879423328964613 0.033203125 0.15858453473132372
0 0.71875 0.8925294888597641 0.041015625 0.19397116644823068
0 0.77490234375 0.8833551769331586 0.0537109375 0.20969855832241152
0 0.818359375 0.8846657929226737 0.04296875 0.1782437745740498
0 0.89306640625 0.8833551769331586 0.0751953125 0.2306684141546527
1 0.0751953125 0.9233289646133683 0.150390625 0.15072083879423329
1 0.4306640625 0.846002621231979 0.150390625 0.14285714285714285
1 0.50146484375 0.8217562254259502 0.0419921875 0.08387942332896461
1 0.54833984375 0.8099606815203145 0.0595703125 0.06290956749672345
1 0.5361328125 0.8243774574049804 0.029296875 0.047182175622542594
1 0.71533203125 0.8027522935779816 0.0556640625 0.0563564875491481
