1 0.62353515625 0.630718954248366 0.6376953125 0.5751633986928104
0 0.01806640625 0.33905228758169936 0.0361328125 0.16176470588235295
0 0.0224609375 0.5147058823529411 0.044921875 0.37254901960784315
0 0.21240234375 0.5277777777777778 0.0888671875 0.434640522875817
0 0.20458984375 0.27450980392156865 0.0380859375 0.17320261437908496
0 0.31689453125 0.3284313725490196 0.0517578125 0.23202614379084968
0 0.3984375 0.44281045751633985 0.0703125 0.34967320261437906
0 0.43994140625 0.4264705882352941 0.0537109375 0.30718954248366015
0 0.48828125 0.42320261437908496 0.037109375 0.16013071895424835
0 0.49560546875 0.2883986928104575 0.0419921875 0.11274509803921569
0 0.541015625 0.3488562091503268 0.0546875 0.2042483660130719
0 0.5751953125 0.29248366013071897 0.046875 0.11764705882352941
0 0.63525390625 0.29330065359477125 0.0498046875 0.10294117647058823
0 0.7451171875 0.2957516339869281 0.05078125 0.17647058823529413
0 0.80078125 0.32516339869281047 0.0390625 0.10457516339869281
0 0.9755859375 0.3758169934640523 0.041015625 0.2679738562091503
