0 0.431640625 0.7467447916666666 0.09765625 0.2799479166666667
0 0.0205078125 0.6634114583333334 0.0390625 0.13932291666666666
0 0.08251953125 0.6751302083333334 0.0458984375 0.15755208333333334
0 0.3662109375 0.6197916666666666 0.02734375 0.06510416666666667
0 0.66455078125 0.6731770833333334 0.0556640625 0.19010416666666666
0 0.7109375 0.6614583333333334 0.046875 0.17708333333333334
0 0.7568359375 0.6666666666666666 0.0390625 0.203125
0 0.87548828125 0.6458333333333334 0.0634765625 0.171875
0 0.94482421875 0.72265625 0.1083984375 0.3046875
1 0.1083984375 0.6393229166666666 0.04296875 0.07552083333333333
