0 0.3359375 0.458984375 0.015625 0.08203125
0 0.3564453125 0.4563802083333333 0.017578125 0.08984375
0 0.38525390625 0.4602864583333333 0.0341796875 0.07942708333333333
0 0.44921875 0.455078125 0.015625 0.08984375
0 0.4853515625 0.4596354166666667 0.021484375 0.09635416666666667
0 0.5087890625 0.46484375 0.025390625 0.12760416666666666
0 0.54736328125 0.4798177083333333 0.0263671875 0.13151041666666666
0 0.58154296875 0.4798177083333333 0.0205078125 0.13932291666666666
0 0.58984375 0.4537760416666667 0.015625 0.09505208333333333
0 0.60888671875 0.4615885416666667 0.0087890625 0.12890625
0 0.6298828125 0.4635416666666667 0.017578125 0.125
0 0.654296875 0.4739583333333333 0.03515625 0.13541666666666666
0 0.9423828125 0.5970052083333334 0.0703125 0.19140625
1 0.076171875 0.4921875 0.15234375 0.1640625
1 0.4990234375 0.4986979166666667 0.998046875 0.9973958333333334
1 0.4990234375 0.7662760416666666 0.998046875 0.4622395833333333
1 0.25390625 0.4342447916666667 0.03125 0.045572916666666664
1 0.31591796875 0.443359375 0.0517578125 0.05078125
