0 0.07421875 0.7043973941368078 0.107421875 0.5651465798045603
0 0.5068359375 0.6205211726384365 0.021484375 0.11074918566775244
0 0.5595703125 0.6148208469055375 0.01171875 0.0993485342019544
0 0.8994140625 0.5643322475570033 0.0234375 0.07003257328990228
0 0.93701171875 0.5757328990228013 0.0185546875 0.1449511400651466
0 0.96142578125 0.5912052117263844 0.0302734375 0.10423452768729642
0 0.97021484375 0.5879478827361564 0.0185546875 0.09771986970684039
0 0.9912109375 0.6115635179153095 0.015625 0.19055374592833876
1 0.42431640625 0.6213355048859935 0.0244140625 0.06026058631921824
1 0.4560546875 0.6197068403908795 0.041015625 0.04071661237785016
1 0.48291015625 0.6107491856677525 0.0302734375 0.04560260586319218
