0 0.07666015625 0.29062957540263545 0.1220703125 0.5812591508052709
0 0.10107421875 0.07906295754026355 0.0185546875 0.03806734992679356
0 0.12744140625 0.07174231332357248 0.0224609375 0.03806734992679356
0 0.22119140625 0.09077598828696926 0.0341796875 0.06149341142020498
0 0.23974609375 0.12445095168374817 0.0400390625 0.09663250366032211
0 0.28125 0.11566617862371889 0.03515625 0.1054172767203514
0 0.30908203125 0.22547584187408493 0.0830078125 0.2635431918008785
0 0.4423828125 0.2730600292825769 0.111328125 0.14494875549048317
0 0.4892578125 0.15885797950219618 0.09765625 0.25036603221083453
0 0.50048828125 0.06442166910688141 0.0810546875 0.07906295754026355
0 0.92041015625 0.0951683748169839 0.0498046875 0.1903367496339678
0 0.94921875 0.33162518301610544 0.099609375 0.42020497803806733
0 0.9736328125 0.12518301610541727 0.05078125 0.212298682284041
0 0.9833984375 0.3404099560761347 0.03125 0.2796486090775988
1 0.1435546875 0.2445095168374817 0.287109375 0.29282576866764276
1 0.52001953125 0.5117130307467057 0.9228515625 0.8975109809663251
1 0.38818359375 0.16105417276720352 0.1357421875 0.18448023426061494
1 0.87255859375 0.1478770131771596 0.2529296875 0.25768667642752563
