0 0.0986328125 0.6373697916666666 0.0390625 0.07161458333333333
0 0.14208984375 0.6458333333333334 0.0419921875 0.049479166666666664
0 0.2119140625 0.609375 0.033203125 0.11458333333333333
0 0.25634765625 0.7272135416666666 0.0498046875 0.13671875
0 0.291015625 0.8470052083333334 0.111328125 0.28515625
0 0.306640625 0.6901041666666666 0.044921875 0.1171875
0 0.298828125 0.6002604166666666 0.01171875 0.057291666666666664
0 0.33544921875 0.5989583333333334 0.0087890625 0.036458333333333336
0 0.3671875 0.7298177083333334 0.041015625 0.20182291666666666
0 0.37158203125 0.5944010416666666 0.0126953125 0.05078125
0 0.53564453125 0.6477864583333334 0.0205078125 0.11848958333333333
0 0.5771484375 0.716796875 0.033203125 0.16796875
0 0.5859375 0.6373697916666666 0.03125 0.08984375
0 0.62353515625 0.666015625 0.0400390625 0.15755208333333334
0 0.66259765625 0.7278645833333334 0.0478515625 0.1796875
0 0.79296875 0.634765625 0.0390625 0.10026041666666667
1 0.0478515625 0.6197916666666666 0.095703125 0.08333333333333333
1 0.19140625 0.5703125 0.05078125 0.026041666666666668
1 0.36279296875 0.58203125 0.0615234375 0.033854166666666664
1 0.85693359375 0.6145833333333334 0.0888671875 0.0625
1 0.9580078125 0.5755208333333334 0.05859375 0.036458333333333336
1 0.9833984375 0.58984375 0.03125 0.0390625
