0 0.2373046875 0.4363103953147877 0.03515625 0.13469985358711567
0 0.30029296875 0.37701317715959004 0.0244140625 0.0629575402635432
0 0.65576171875 0.5065885797950219 0.0537109375 0.18740849194729137
1 0.03369140625 0.41142020497803805 0.0673828125 0.0527086383601757
1 0.06103515625 0.4465592972181552 0.1220703125 0.10834553440702782
1 0.06103515625 0.568081991215227 0.1220703125 0.20790629575402636
1 0.3828125 0.3916544655929722 0.060546875 0.06588579795021962
1 0.728515625 0.43191800878477304 0.205078125 0.12298682284040996
1 0.9130859375 0.36603221083455345 0.06640625 0.029282576866764276
1 0.9453125 0.40775988286969256 0.0859375 0.06588579795021962
1 0.96240234375 0.36676427525622257 0.0732421875 0.048316251830161056
