0 0.53564453125 0.7730455075845974 0.0908203125 0.3162193698949825
0 0.046875 0.7491248541423571 0.052734375 0.2870478413068845
0 0.15771484375 0.7654609101516919 0.0595703125 0.3057176196032672
0 0.22119140625 0.4492415402567094 0.0458984375 0.07234539089848308
0 0.2734375 0.5052508751458576 0.05859375 0.12368728121353559
0 0.31201171875 0.5910151691948659 0.0869140625 0.12485414235705951
0 0.35498046875 0.7677946324387398 0.0966796875 0.2870478413068845
0 0.357421875 0.5175029171528588 0.037109375 0.10385064177362893
0 0.3876953125 0.5210035005834306 0.037109375 0.061843640606767794
0 0.390625 0.5787631271878646 0.04296875 0.08634772462077013
0 0.39404296875 0.42123687281213534 0.0361328125 0.07467911318553092
0 0.41796875 0.7549591598599766 0.048828125 0.23570595099183198
0 0.43115234375 0.5052508751458576 0.0419921875 0.07934655775962661
0 0.46630859375 0.5116686114352392 0.0361328125 0.09684947491248541
0 0.484375 0.7234539089848308 0.060546875 0.23570595099183198
0 0.5478515625 0.5128354725787632 0.029296875 0.045507584597432905
0 0.56787109375 0.7135355892648775 0.0498046875 0.20186697782963828
0 0.58642578125 0.5017502917152858 0.0341796875 0.08634772462077013
0 0.6298828125 0.7427071178529755 0.072265625 0.24154025670945156
0 0.62939453125 0.4959159859976663 0.0517578125 0.07467911318553092
0 0.66357421875 0.49241540256709454 0.0322265625 0.05367561260210035
0 0.68896484375 0.690198366394399 0.0537109375 0.26487747957992996
0 0.701171875 0.4935822637106184 0.0390625 0.07001166861143523
0 0.720703125 0.6831971995332555 0.064453125 0.26254375729288215
0 0.7646484375 0.6779463243873979 0.041015625 0.23570595099183198
0 0.79345703125 0.6219369894982497 0.0302734375 0.15402567094515754
0 0.84326171875 0.6971995332555426 0.0517578125 0.20653442240373396
0 0.86669921875 0.7462077012835473 0.0830078125 0.26254375729288215
0 0.91064453125 0.6884480746791132 0.0302734375 0.12835472578763127
0 0.9443359375 0.7625437572928822 0.064453125 0.2508751458576429
1 0.2265625 0.7170361726954493 0.302734375 0.3348891481913652
