0 0.94384765625 0.1421875 0.0908203125 0.23125
0 0.02734375 0.31484375 0.0546875 0.6296875
0 0.05078125 0.06484375 0.078125 0.1296875
0 0.076171875 0.3015625 0.09765625 0.578125
0 0.14697265625 0.14453125 0.0283203125 0.0640625
0 0.1875 0.18828125 0.07421875 0.2171875
0 0.22705078125 0.24375 0.0458984375 0.34375
0 0.22802734375 0.21796875 0.0439453125 0.1890625
0 0.27587890625 0.22265625 0.0302734375 0.1921875
0 0.3017578125 0.1890625 0.048828125 0.203125
0 0.33056640625 0.159375 0.0478515625 0.153125
0 0.3779296875 0.13125 0.072265625 0.16875
0 0.44384765625 0.1375 0.0537109375 0.125
0 0.447265625 0.35078125 0.0546875 0.0984375
0 0.50439453125 0.1328125 0.0869140625 0.140625
0 0.5703125 0.35234375 0.0859375 0.1265625
0 0.564453125 0.11328125 0.060546875 0.0890625
0 0.63818359375 0.084375 0.0908203125 0.13125
0 0.71044921875 0.1125 0.0537109375 0.084375
0 0.7705078125 0.0828125 0.06640625 0.165625
0 0.7734375 0.2734375 0.056640625 0.109375
0 0.8203125 0.1046875 0.07421875 0.196875
0 0.89501953125 0.1421875 0.0537109375 0.140625
0 0.978515625 0.146875 0.041015625 0.203125
1 0.42138671875 0.54921875 0.7490234375 0.6953125
1 0.1689453125 0.31640625 0.1328125 0.3109375
1 0.69482421875 0.4390625 0.5751953125 0.578125
