1 0.107421875 0.7190332326283988 0.189453125 0.5105740181268882
0 0.248046875 0.7031722054380665 0.06640625 0.39123867069486407
0 0.31982421875 0.7953172205438066 0.1162109375 0.40634441087613293
0 0.3271484375 0.3202416918429003 0.08203125 0.27794561933534745
0 0.41162109375 0.7137462235649547 0.1044921875 0.3610271903323263
0 0.5302734375 0.6155589123867069 0.076171875 0.33987915407854985
0 0.53955078125 0.29003021148036257 0.0654296875 0.229607250755287
0 0.59033203125 0.648036253776435 0.1064453125 0.26586102719033233
0 0.59716796875 0.5211480362537765 0.0615234375 0.14501510574018128
0 0.666015625 0.6518126888217523 0.06640625 0.24924471299093656
0 0.76513671875 0.6910876132930514 0.0693359375 0.3066465256797583
0 0.80810546875 0.4350453172205438 0.0673828125 0.24169184290030213
