0 0.021484375 0.6020979020979021 0.037109375 0.14685314685314685
0 0.2412109375 0.5461538461538461 0.013671875 0.06293706293706294
0 0.29248046875 0.5552447552447553 0.0205078125 0.06993006993006994
0 0.31201171875 0.5531468531468532 0.0126953125 0.07132867132867132
0 0.328125 0.5608391608391609 0.015625 0.06433566433566433
0 0.537109375 0.5825174825174825 0.033203125 0.1020979020979021
0 0.57177734375 0.5818181818181818 0.0263671875 0.09230769230769231
0 0.5908203125 0.5881118881118881 0.02734375 0.08251748251748252
0 0.61572265625 0.5965034965034965 0.0185546875 0.08811188811188811
0 0.83154296875 0.7566433566433567 0.1279296875 0.37202797202797205
1 0.20361328125 0.5496503496503496 0.0341796875 0.044755244755244755
1 0.36279296875 0.5657342657342658 0.0654296875 0.07412587412587412
1 0.42333984375 0.5811188811188811 0.1689453125 0.1076923076923077
1 0.94189453125 0.6118881118881119 0.1142578125 0.12727272727272726
