0 0.3974609375 0.35732984293193715 0.0390625 0.06282722513089005
0 0.52001953125 0.3448952879581152 0.1005859375 0.2054973821989529
0 0.625 0.31348167539267013 0.041015625 0.07198952879581152
0 0.802734375 0.36649214659685864 0.052734375 0.22251308900523561
0 0.85302734375 0.30824607329842935 0.0185546875 0.04842931937172775
0 0.8984375 0.34293193717277487 0.013671875 0.10471204188481675
0 0.98046875 0.33507853403141363 0.0234375 0.10732984293193717
1 0.3798828125 0.5163612565445026 0.638671875 0.4829842931937173
1 0.58544921875 0.36845549738219896 0.3662109375 0.29712041884816753
1 0.75341796875 0.35143979057591623 0.2509765625 0.18979057591623036
1 0.794921875 0.33835078534031415 0.16015625 0.04319371727748691
