1 0.31103515625 0.875 0.1845703125 0.21875
0 0.02734375 0.8585069444444444 0.0546875 0.2795138888888889
0 0.02783203125 0.7022569444444444 0.0361328125 0.109375
0 0.041015625 0.8211805555555556 0.041015625 0.16319444444444445
0 0.11962890625 0.8229166666666666 0.0380859375 0.2152777777777778
0 0.1572265625 0.7855902777777778 0.017578125 0.09895833333333333
0 0.17529296875 0.7803819444444444 0.0205078125 0.10590277777777778
0 0.1875 0.8046875 0.021484375 0.140625
0 0.21044921875 0.8046875 0.0302734375 0.1684027777777778
0 0.2314453125 0.7916666666666666 0.015625 0.1076388888888889
0 0.24658203125 0.7855902777777778 0.0263671875 0.1232638888888889
0 0.30078125 0.6267361111111112 0.048828125 0.2326388888888889
0 0.32763671875 0.7413194444444444 0.0166015625 0.052083333333333336
0 0.34521484375 0.7126736111111112 0.0205078125 0.11979166666666667
0 0.35595703125 0.7508680555555556 0.0107421875 0.03993055555555555
0 0.3701171875 0.7552083333333334 0.01171875 0.06597222222222222
0 0.3798828125 0.7751736111111112 0.017578125 0.08159722222222222
0 0.431640625 0.7395833333333334 0.0078125 0.024305555555555556
0 0.4765625 0.8376736111111112 0.046875 0.234375
0 0.4609375 0.7395833333333334 0.0078125 0.020833333333333332
0 0.48291015625 0.625 0.0400390625 0.21180555555555555
0 0.48486328125 0.7404513888888888 0.0126953125 0.03298611111111111
0 0.54931640625 0.7065972222222222 0.0146484375 0.0625
0 0.65869140625 0.8576388888888888 0.0576171875 0.28125
0 0.6669921875 0.3723958333333333 0.0078125 0.022569444444444444
0 0.6669921875 0.4895833333333333 0.0078125 0.020833333333333332
0 0.71142578125 0.8689236111111112 0.0791015625 0.2586805555555556
0 0.68359375 0.4262152777777778 0.0078125 0.019097222222222224
0 0.68408203125 0.4852430555555556 0.0087890625 0.015625
0 0.68505859375 0.6197916666666666 0.0107421875 0.024305555555555556
0 0.69677734375 0.3645833333333333 0.0087890625 0.020833333333333332
0 0.7001953125 0.4227430555555556 0.01171875 0.022569444444444444
0 0.7001953125 0.484375 0.01171875 0.024305555555555556
0 0.712890625 0.4817708333333333 0.0078125 0.019097222222222224
0 0.7177734375 0.3654513888888889 0.0078125 0.022569444444444444
0 0.7265625 0.4262152777777778 0.005859375 0.019097222222222224
0 0.734375 0.4869791666666667 0.0078125 0.019097222222222224
0 0.791015625 0.8611111111111112 0.08984375 0.2743055555555556
0 0.9296875 0.7465277777777778 0.033203125 0.05555555555555555
0 0.958984375 0.7465277777777778 0.025390625 0.0625
0 0.9833984375 0.7890625 0.03125 0.14756944444444445
1 0.4541015625 0.8263888888888888 0.1328125 0.1527777777777778
1 0.53955078125 0.8107638888888888 0.0908203125 0.1527777777777778
1 0.67724609375 0.8333333333333334 0.1962890625 0.24305555555555555
1 0.861328125 0.8237847222222222 0.275390625 0.234375
