0 0.0654296875 0.5408759124087591 0.0625 0.2671532846715328
0 0.20458984375 0.5664233576642336 0.1181640625 0.3416058394160584
0 0.24267578125 0.5437956204379562 0.0556640625 0.2759124087591241
0 0.27880859375 0.5328467153284672 0.0380859375 0.13722627737226278
0 0.27294921875 0.44963503649635034 0.0185546875 0.07007299270072993
0 0.29345703125 0.4576642335766423 0.0224609375 0.11240875912408758
0 0.33984375 0.47956204379562045 0.03125 0.16496350364963502
0 0.74462890625 0.4401459854014598 0.0205078125 0.06861313868613139
0 0.77001953125 0.5299270072992701 0.0556640625 0.25401459854014596
0 0.78955078125 0.4554744525547445 0.0244140625 0.09635036496350365
0 0.81396484375 0.5751824817518248 0.0693359375 0.39416058394160586
0 0.93701171875 0.6554744525547446 0.1220703125 0.5635036496350365
1 0.08740234375 0.47226277372262776 0.1435546875 0.10364963503649635
