1 0.7451171875 0.5286458333333334 0.263671875 0.18229166666666666
0 0.10302734375 0.5345052083333334 0.0517578125 0.12630208333333334
0 0.142578125 0.6009114583333334 0.08984375 0.23828125
0 0.20361328125 0.5358072916666666 0.0322265625 0.18880208333333334
0 0.23486328125 0.5442708333333334 0.0419921875 0.17447916666666666
0 0.30859375 0.5397135416666666 0.056640625 0.15494791666666666
0 0.3505859375 0.5436197916666666 0.04296875 0.15755208333333334
0 0.4658203125 0.5983072916666666 0.064453125 0.2825520833333333
0 0.54443359375 0.6204427083333334 0.0888671875 0.33203125
0 0.57080078125 0.5748697916666666 0.0439453125 0.23046875
0 0.595703125 0.5696614583333334 0.044921875 0.23046875
0 0.60693359375 0.4889322916666667 0.0283203125 0.08463541666666667
0 0.6279296875 0.525390625 0.0390625 0.14453125
1 0.5830078125 0.44140625 0.044921875 0.041666666666666664
1 0.71728515625 0.4524739583333333 0.0888671875 0.05859375
