0 0.39111328125 0.43359375 0.0712890625 0.15104166666666666
0 0.14990234375 0.525390625 0.0361328125 0.04296875
0 0.4912109375 0.4674479166666667 0.064453125 0.15885416666666666
0 0.53271484375 0.4583333333333333 0.0205078125 0.06770833333333333
0 0.54541015625 0.474609375 0.0361328125 0.08984375
0 0.580078125 0.45703125 0.052734375 0.08854166666666667
0 0.6279296875 0.4479166666666667 0.048828125 0.057291666666666664
0 0.64501953125 0.48828125 0.0693359375 0.1875
0 0.705078125 0.4752604166666667 0.05078125 0.1328125
0 0.78515625 0.4947916666666667 0.064453125 0.16145833333333334
1 0.01904296875 0.51953125 0.0380859375 0.041666666666666664
1 0.11865234375 0.5735677083333334 0.2373046875 0.20442708333333334
