1 0.5234375 0.5481770833333334 0.900390625 0.5130208333333334
0 0.01513671875 0.2936197916666667 0.0302734375 0.08203125
0 0.00927734375 0.2630208333333333 0.0126953125 0.036458333333333336
0 0.03271484375 0.2805989583333333 0.0205078125 0.04296875
0 0.10986328125 0.24348958333333334 0.0224609375 0.026041666666666668
0 0.20654296875 0.2884114583333333 0.0537109375 0.11848958333333333
0 0.27099609375 0.3352864583333333 0.0517578125 0.23046875
0 0.310546875 0.298828125 0.02734375 0.14713541666666666
0 0.3388671875 0.2962239583333333 0.033203125 0.13411458333333334
0 0.50048828125 0.2526041666666667 0.0205078125 0.06770833333333333
0 0.5947265625 0.24739583333333334 0.015625 0.049479166666666664
0 0.65966796875 0.2584635416666667 0.0224609375 0.045572916666666664
0 0.6826171875 0.2610677083333333 0.025390625 0.06901041666666667
0 0.7939453125 0.25390625 0.03125 0.057291666666666664
0 0.82470703125 0.2591145833333333 0.0205078125 0.0390625
0 0.845703125 0.2513020833333333 0.01953125 0.052083333333333336
0 0.8642578125 0.2584635416666667 0.03515625 0.08723958333333333
0 0.89501953125 0.2708333333333333 0.0302734375 0.09895833333333333
0 0.93798828125 0.2760416666666667 0.0361328125 0.12239583333333333
1 0.095703125 0.44921875 0.19140625 0.234375
1 0.10400390625 0.3053385416666667 0.1357421875 0.12630208333333334
1 0.50830078125 0.341796875 0.3583984375 0.15234375
1 0.57421875 0.2923177083333333 0.2109375 0.040364583333333336
1 0.84375 0.3626302083333333 0.310546875 0.17057291666666666
1 0.9453125 0.296875 0.107421875 0.09895833333333333
