0 0.17578125 0.32865583456425407 0.10546875 0.24963072378138848
0 0.10986328125 0.5088626292466765 0.1376953125 0.2673559822747415
0 0.455078125 0.3316100443131462 0.314453125 0.23190546528803546
0 0.44775390625 0.4667651403249631 0.0537109375 0.059084194977843424
0 0.70751953125 0.5369276218611522 0.0341796875 0.03988183161004431
0 0.78466796875 0.553175775480059 0.0126953125 0.01624815361890694
0 0.83251953125 0.2917282127031019 0.0712890625 0.1255539143279173
0 0.861328125 0.40251107828655835 0.0390625 0.0723781388478582
1 0.22607421875 0.5036927621861153 0.0634765625 0.029542097488921712
1 0.3994140625 0.534711964549483 0.32421875 0.23042836041358936
1 0.69482421875 0.8655834564254062 0.3349609375 0.19202363367799113
