0 0.32568359375 0.2079646017699115 0.0986328125 0.23303834808259588
0 0.07275390625 0.49557522123893805 0.1455078125 0.3333333333333333
0 0.09423828125 0.4174041297935103 0.1728515625 0.2536873156342183
0 0.1044921875 0.4889380530973451 0.158203125 0.3466076696165192
0 0.1962890625 0.44616519174041297 0.130859375 0.2610619469026549
0 0.41650390625 0.2234513274336283 0.0869140625 0.2551622418879056
0 0.4306640625 0.18584070796460178 0.078125 0.22418879056047197
0 0.49169921875 0.168141592920354 0.0849609375 0.22123893805309736
0 0.5341796875 0.1364306784660767 0.083984375 0.252212389380531
0 0.61669921875 0.05752212389380531 0.0498046875 0.11504424778761062
0 0.65869140625 0.045722713864306784 0.0361328125 0.09144542772861357
0 0.7001953125 0.06932153392330384 0.056640625 0.13864306784660768
0 0.7548828125 0.02728613569321534 0.037109375 0.05457227138643068
1 0.5302734375 0.49926253687315636 0.9375 0.9985250737463127
