1 0.38330078125 0.6202064896755162 0.2744140625 0.19616519174041297
0 0.12353515625 0.7463126843657817 0.0986328125 0.22123893805309736
0 0.314453125 0.497787610619469 0.05078125 0.06342182890855458
0 0.404296875 0.4033923303834808 0.03515625 0.10471976401179942
0 0.43896484375 0.43805309734513276 0.0419921875 0.11799410029498525
0 0.46875 0.4336283185840708 0.033203125 0.13274336283185842
0 0.541015625 0.8591445427728613 0.044921875 0.24336283185840707
0 0.58349609375 0.8679941002949852 0.0654296875 0.2610619469026549
0 0.58642578125 0.3148967551622419 0.0205078125 0.08112094395280237
0 0.86083984375 0.3635693215339233 0.0341796875 0.10471976401179942
0 0.8955078125 0.43952802359882004 0.04296875 0.0943952802359882
1 0.13232421875 0.3775811209439528 0.1376953125 0.0943952802359882
1 0.51416015625 0.3694690265486726 0.1376953125 0.11061946902654868
1 0.69384765625 0.6371681415929203 0.2509765625 0.19469026548672566
1 0.78173828125 0.4889380530973451 0.1259765625 0.11946902654867257
1 0.8544921875 0.5464601769911505 0.154296875 0.15486725663716813
