1 0.9283854166666666 0.68994140625 0.11979166666666667 0.0771484375
0 0.14518229166666666 0.7666015625 0.19140625 0.25390625
0 0.2819010416666667 0.72314453125 0.13151041666666666 0.1533203125
0 0.435546875 0.68798828125 0.04296875 0.0771484375
0 0.5390625 0.68310546875 0.0546875 0.0634765625
0 0.6204427083333334 0.68896484375 0.06640625 0.0830078125
0 0.8111979166666666 0.6923828125 0.08854166666666667 0.119140625
0 0.9186197916666666 0.6318359375 0.024739583333333332 0.052734375
1 0.384765625 0.583984375 0.02734375 0.01171875
1 0.7643229166666666 0.64599609375 0.07552083333333333 0.0439453125
