0 0.03125 0.63671875 0.037109375 0.20052083333333334
0 0.06494140625 0.6666666666666666 0.0556640625 0.23958333333333334
0 0.11376953125 0.62890625 0.0693359375 0.19010416666666666
0 0.15869140625 0.6393229166666666 0.0322265625 0.16927083333333334
0 0.189453125 0.583984375 0.037109375 0.07682291666666667
0 0.17919921875 0.56640625 0.0126953125 0.036458333333333336
0 0.2294921875 0.56640625 0.037109375 0.049479166666666664
0 0.2666015625 0.548828125 0.03125 0.053385416666666664
0 0.91162109375 0.703125 0.1201171875 0.5286458333333334
0 0.9736328125 0.716796875 0.05078125 0.5638020833333334
1 0.373046875 0.6061197916666666 0.4140625 0.24088541666666666
1 0.73388671875 0.6829427083333334 0.3017578125 0.24609375
