0 0.4765625 0.5494505494505495 0.130859375 0.30036630036630035
0 0.2021484375 0.5341880341880342 0.064453125 0.2771672771672772
0 0.3505859375 0.5128205128205128 0.08984375 0.2026862026862027
1 0.13525390625 0.5164835164835165 0.2294921875 0.16605616605616605
1 0.41796875 0.4926739926739927 0.21875 0.1746031746031746
1 0.54248046875 0.4474969474969475 0.0556640625 0.050061050061050064
1 0.611328125 0.44993894993894995 0.05078125 0.057387057387057384
1 0.638671875 0.45115995115995117 0.021484375 0.06471306471306472
1 0.83740234375 0.557997557997558 0.3232421875 0.3663003663003663
1 0.767578125 0.4517704517704518 0.119140625 0.10012210012210013
1 0.73486328125 0.4230769230769231 0.0302734375 0.020757020757020756
