0 0.6611328125 0.4575402635431918 0.02734375 0.11859443631039532
0 0.673828125 0.4458272327964861 0.021484375 0.12445095168374817
0 0.677734375 0.4663250366032211 0.01953125 0.1390922401171303
0 0.697265625 0.46266471449487556 0.02734375 0.16105417276720352
0 0.70703125 0.479502196193265 0.033203125 0.16544655929721816
0 0.71728515625 0.39751098096632503 0.0146484375 0.04538799414348463
0 0.72705078125 0.479502196193265 0.0244140625 0.13030746705710103
0 0.7265625 0.4019033674963397 0.013671875 0.048316251830161056
0 0.74853515625 0.4970717423133236 0.0478515625 0.08052708638360176
0 0.7490234375 0.46486090775988287 0.033203125 0.17130307467057102
0 0.7373046875 0.4019033674963397 0.005859375 0.024890190336749635
0 0.74462890625 0.39604685212298685 0.0068359375 0.016105417276720352
0 0.810546875 0.5351390922401171 0.07421875 0.26500732064421667
0 0.89013671875 0.5988286969253295 0.0830078125 0.46266471449487556
1 0.3564453125 0.47291361639824303 0.140625 0.14348462664714495
1 0.4267578125 0.4546120058565154 0.02734375 0.08052708638360176
1 0.42919921875 0.46266471449487556 0.0322265625 0.09077598828696926
1 0.44140625 0.43704245973645683 0.01953125 0.05417276720351391
1 0.44287109375 0.44143484626647145 0.0126953125 0.03953147877013177
1 0.455078125 0.4341142020497804 0.021484375 0.036603221083455345
1 0.45556640625 0.4333821376281113 0.0166015625 0.03806734992679356
1 0.47412109375 0.4224011713030747 0.0146484375 0.03074670571010249
1 0.47412109375 0.4216691068814056 0.0146484375 0.029282576866764276
1 0.50146484375 0.4216691068814056 0.0419921875 0.04978038067349927
1 0.5 0.4224011713030747 0.037109375 0.048316251830161056
