0 0.404296875 0.6605839416058394 0.0703125 0.3284671532846715
0 0.05029296875 0.6773722627737226 0.0771484375 0.32116788321167883
0 0.1015625 0.6474452554744525 0.072265625 0.28175182481751826
0 0.15185546875 0.6861313868613139 0.0830078125 0.32408759124087594
0 0.2763671875 0.7605839416058394 0.11328125 0.46715328467153283
0 0.4951171875 0.6598540145985401 0.056640625 0.27445255474452557
0 0.5078125 0.6072992700729927 0.033203125 0.1927007299270073
0 0.56494140625 0.5927007299270073 0.0263671875 0.14890510948905109
0 0.6201171875 0.5927007299270073 0.044921875 0.15766423357664233
0 0.6611328125 0.6021897810218978 0.03125 0.14744525547445256
0 0.6689453125 0.5978102189781022 0.04296875 0.1708029197080292
0 0.6826171875 0.6036496350364964 0.025390625 0.13576642335766423
0 0.9541015625 0.7087591240875912 0.08984375 0.3722627737226277
1 0.04736328125 0.9043795620437957 0.0947265625 0.18832116788321168
1 0.55615234375 0.5817518248175182 0.1962890625 0.11824817518248175
1 0.79638671875 0.6248175182481752 0.1005859375 0.145985401459854
1 0.88720703125 0.7007299270072993 0.2236328125 0.2656934306569343
