0 0.29833984375 0.34183006535947713 0.0888671875 0.15816993464052287
0 0.0029296875 0.538562091503268 0.005859375 0.023529411764705882
0 0.0078125 0.5 0.01171875 0.02483660130718954
0 0.01318359375 0.5366013071895425 0.0029296875 0.0196078431372549
0 0.02392578125 0.5379084967320261 0.0048828125 0.0196078431372549
0 0.0634765625 0.5071895424836601 0.015625 0.023529411764705882
0 0.26806640625 0.8352941176470589 0.1025390625 0.32679738562091504
0 0.60791015625 0.6562091503267974 0.0712890625 0.17777777777777778
0 0.70703125 0.7529411764705882 0.09765625 0.19084967320261437
0 0.96826171875 0.6738562091503268 0.0478515625 0.1477124183006536
1 0.0888671875 0.8248366013071895 0.177734375 0.3477124183006536
