0 0.80078125 0.7079062957540263 0.099609375 0.35871156661786235
0 0.02197265625 0.705710102489019 0.0439453125 0.21669106881405564
0 0.05322265625 0.7042459736456809 0.0302734375 0.20497803806734993
0 0.07421875 0.6896046852122987 0.03515625 0.2108345534407028
0 0.10693359375 0.6976573938506588 0.0595703125 0.232796486090776
0 0.15869140625 0.6991215226939971 0.0341796875 0.21522693997071743
0 0.19384765625 0.7115666178623719 0.0361328125 0.17862371888726208
0 0.22998046875 0.7020497803806734 0.0380859375 0.20937042459736457
0 0.25732421875 0.7027818448023426 0.0302734375 0.1903367496339678
0 0.2900390625 0.6932650073206442 0.03515625 0.20351390922401172
0 0.32177734375 0.7086383601756955 0.0400390625 0.19619326500732065
0 0.34228515625 0.6888726207906296 0.0263671875 0.191800878477306
0 0.3798828125 0.6961932650073206 0.048828125 0.22108345534407028
0 0.4013671875 0.6383601756954612 0.037109375 0.10248901903367497
0 0.43408203125 0.6061493411420205 0.0419921875 0.07906295754026355
0 0.47802734375 0.5988286969253295 0.0458984375 0.06442166910688141
0 0.5234375 0.5937042459736457 0.048828125 0.08052708638360176
0 0.64111328125 0.5761346998535871 0.0322265625 0.08931185944363104
0 0.67333984375 0.6207906295754027 0.0537109375 0.19326500732064422
1 0.5341796875 0.7554904831625183 0.3671875 0.2635431918008785
