1 0.8934640522875817 0.43212890625 0.20261437908496732 0.2177734375
0 0.42810457516339867 0.37939453125 0.03529411764705882 0.0517578125
0 0.5816993464052288 0.38037109375 0.01568627450980392 0.0400390625
0 0.6137254901960785 0.376953125 0.02483660130718954 0.046875
0 0.6261437908496732 0.38818359375 0.013071895424836602 0.0556640625
0 0.6483660130718955 0.38818359375 0.03137254901960784 0.0615234375
1 0.35947712418300654 0.38427734375 0.1437908496732026 0.0576171875
1 0.503921568627451 0.37890625 0.12941176470588237 0.0390625
1 0.6444444444444445 0.39111328125 0.12287581699346405 0.0537109375
1 0.7143790849673203 0.3818359375 0.05359477124183006 0.0625
1 0.7947712418300653 0.3876953125 0.07058823529411765 0.05078125
1 0.8503267973856209 0.38720703125 0.07450980392156863 0.0380859375
