0 0.21044921875 0.24155653450807635 0.0576171875 0.1894273127753304
0 0.25 0.20631424375917767 0.068359375 0.11894273127753303
0 0.87353515625 0.17694566813509544 0.0341796875 0.030837004405286344
0 0.9541015625 0.1696035242290749 0.03515625 0.0513950073421439
1 0.11767578125 0.2356828193832599 0.0302734375 0.024963289280469897
1 0.52734375 0.5242290748898678 0.771484375 0.8869309838472834
1 0.4267578125 0.21071953010279001 0.017578125 0.010279001468428781
1 0.80859375 0.3832599118942731 0.380859375 0.3876651982378855
1 0.92041015625 0.22834067547723935 0.1572265625 0.09251101321585903
1 0.927734375 0.18502202643171806 0.142578125 0.08516886930983847
