0 0.056640625 0.8548177083333334 0.033203125 0.10286458333333333
0 0.099609375 0.853515625 0.02734375 0.12109375
0 0.1962890625 0.24934895833333334 0.1875 0.4205729166666667
0 0.7099609375 0.8235677083333334 0.0390625 0.20963541666666666
1 0.0068359375 0.82421875 0.013671875 0.013020833333333334
1 0.0146484375 0.8645833333333334 0.029296875 0.06510416666666667
1 0.0458984375 0.8157552083333334 0.0234375 0.029947916666666668
1 0.07177734375 0.8600260416666666 0.0673828125 0.05859375
1 0.35498046875 0.8307291666666666 0.0517578125 0.0546875
1 0.52294921875 0.8203125 0.1279296875 0.0703125
1 0.68408203125 0.8040364583333334 0.1279296875 0.07942708333333333
