1 0.154296875 0.8429203539823009 0.30078125 0.29646017699115046
0 0.28857421875 0.21312684365781712 0.0283203125 0.11356932153392331
0 0.2978515625 0.38716814159292035 0.02734375 0.15191740412979352
0 0.318359375 0.40412979351032446 0.0390625 0.14454277286135694
0 0.3193359375 0.2079646017699115 0.025390625 0.10914454277286136
0 0.33935546875 0.38421828908554573 0.0322265625 0.15486725663716813
0 0.54736328125 0.39011799410029496 0.0146484375 0.025073746312684365
1 0.48583984375 0.6032448377581121 0.1748046875 0.16224188790560473
1 0.46142578125 0.07669616519174041 0.1005859375 0.09144542772861357
1 0.529296875 0.4269911504424779 0.126953125 0.15781710914454278
1 0.64404296875 0.11356932153392331 0.1005859375 0.07669616519174041
1 0.80078125 0.31268436578171094 0.103515625 0.13864306784660768
