0 0.39794921875 0.7869692532942899 0.1513671875 0.3733528550512445
0 0.15966796875 0.7254758418740849 0.3193359375 0.5461200585651538
0 0.23486328125 0.3089311859443631 0.0185546875 0.06442166910688141
0 0.29833984375 0.18887262079062958 0.0205078125 0.07027818448023426
0 0.32373046875 0.19765739385065886 0.0224609375 0.05856515373352855
0 0.33837890625 0.4699853587115666 0.0341796875 0.07613469985358712
0 0.349609375 0.38945827232796487 0.0234375 0.07027818448023426
0 0.5185546875 0.8594436310395315 0.2265625 0.2781844802342606
0 0.44970703125 0.26061493411420206 0.0185546875 0.055636896046852125
0 0.47607421875 0.4238653001464129 0.0244140625 0.05417276720351391
0 0.50390625 0.1054172767203514 0.025390625 0.06149341142020498
0 0.5693359375 0.49267935578330896 0.03125 0.05124450951683748
0 0.59326171875 0.3374816983894583 0.0341796875 0.03953147877013177
0 0.60400390625 0.4912152269399707 0.0263671875 0.05417276720351391
0 0.60205078125 0.25329428989751096 0.0205078125 0.055636896046852125
0 0.63037109375 0.2569546120058565 0.0205078125 0.048316251830161056
0 0.65966796875 0.34480234260614934 0.0244140625 0.0746705710102489
0 0.66259765625 0.41874084919472915 0.0185546875 0.07320644216691069
0 0.666015625 0.49414348462664714 0.0234375 0.05417276720351391
0 0.69189453125 0.3989751098096633 0.0302734375 0.05710102489019034
0 0.70263671875 0.12079062957540264 0.0205078125 0.06588579795021962
0 0.77685546875 0.43704245973645683 0.0244140625 0.060029282576866766
0 0.80126953125 0.20497803806734993 0.0322265625 0.0527086383601757
0 0.8935546875 0.4992679355783309 0.02734375 0.04978038067349927
0 0.93408203125 0.34992679355783307 0.0283203125 0.055636896046852125
1 0.1494140625 0.6939970717423133 0.298828125 0.17862371888726208
1 0.65380859375 0.6991215226939971 0.3916015625 0.18301610541727673
1 0.8212890625 0.6742313323572474 0.26171875 0.18594436310395315
