1 0.59765625 0.6881405563689604 0.306640625 0.3689604685212299
0 0.0546875 0.45534407027818447 0.044921875 0.13177159590043924
0 0.115234375 0.42093704245973645 0.029296875 0.07174231332357248
0 0.12890625 0.42093704245973645 0.01953125 0.06588579795021962
0 0.1376953125 0.4377745241581259 0.0234375 0.05856515373352855
0 0.14697265625 0.4341142020497804 0.0283203125 0.05417276720351391
0 0.18212890625 0.43191800878477304 0.0205078125 0.05856515373352855
0 0.18603515625 0.3945827232796486 0.0224609375 0.04538799414348463
0 0.19287109375 0.438506588579795 0.0166015625 0.060029282576866766
0 0.21142578125 0.46266471449487556 0.0322265625 0.09077598828696926
0 0.21240234375 0.42825768667642755 0.0224609375 0.05124450951683748
0 0.23095703125 0.4868228404099561 0.0322265625 0.17715959004392387
0 0.2490234375 0.5058565153733529 0.060546875 0.20937042459736457
0 0.26611328125 0.3931185944363104 0.0146484375 0.036603221083455345
0 0.2734375 0.513177159590044 0.021484375 0.20937042459736457
0 0.3095703125 0.41142020497803805 0.01171875 0.04685212298682284
0 0.31884765625 0.4084919472913616 0.0068359375 0.05856515373352855
0 0.3515625 0.4158125915080527 0.01953125 0.06442166910688141
0 0.3759765625 0.41800878477306 0.013671875 0.05417276720351391
0 0.4033203125 0.4472913616398243 0.037109375 0.11273792093704246
0 0.42578125 0.6142020497803806 0.068359375 0.22693997071742314
0 0.60986328125 0.4341142020497804 0.0302734375 0.05417276720351391
0 0.7646484375 0.7730600292825769 0.244140625 0.45095168374816985
0 0.70654296875 0.5307467057101025 0.0478515625 0.1273792093704246
0 0.7421875 0.5285505124450952 0.05859375 0.17862371888726208
0 0.779296875 0.4158125915080527 0.037109375 0.04978038067349927
1 0.20458984375 0.7715959004392386 0.4072265625 0.4538799414348463
1 0.130859375 0.6032210834553441 0.193359375 0.24011713030746706
1 0.13818359375 0.4868228404099561 0.1376953125 0.060029282576866766
1 0.33984375 0.5146412884333821 0.1171875 0.1683748169838946
1 0.41064453125 0.5783308931185944 0.1806640625 0.2430453879941435
1 0.51904296875 0.48243045387994143 0.1279296875 0.10980966325036604
1 0.634765625 0.5300146412884333 0.16015625 0.14055636896046853
1 0.6884765625 0.45314787701317716 0.1484375 0.08931185944363104
1 0.80517578125 0.46486090775988287 0.1396484375 0.07174231332357248
1 0.8818359375 0.575402635431918 0.234375 0.16398243045387995
1 0.8935546875 0.7994143484626647 0.2109375 0.39824304538799415
1 0.9140625 0.4765739385065886 0.1640625 0.0746705710102489
1 0.9833984375 0.5358711566617862 0.03125 0.06734992679355783
