1 0.52978515625 0.46412884333821375 0.0986328125 0.14348462664714495
0 0.07421875 0.4802342606149341 0.048828125 0.25768667642752563
0 0.1123046875 0.4956076134699854 0.0859375 0.2005856515373353
0 0.1611328125 0.4458272327964861 0.03515625 0.19472913616398244
0 0.1982421875 0.4480234260614934 0.037109375 0.16398243045387995
0 0.26611328125 0.47584187408491946 0.0439453125 0.18740849194729137
0 0.28857421875 0.45095168374816985 0.0263671875 0.16398243045387995
0 0.31689453125 0.47364568081991215 0.0244140625 0.17423133235724744
0 0.375 0.4765739385065886 0.052734375 0.19472913616398244
0 0.3798828125 0.47218155197657397 0.037109375 0.1683748169838946
0 0.67822265625 0.6054172767203514 0.1005859375 0.5051244509516838
