1 0.7919921875 0.5635838150289018 0.181640625 0.13005780346820808
0 0.0126953125 0.5382947976878613 0.025390625 0.07658959537572255
0 0.07568359375 0.5541907514450867 0.0537109375 0.18641618497109827
0 0.0927734375 0.5238439306358381 0.033203125 0.1199421965317919
0 0.28515625 0.5549132947976878 0.05078125 0.14739884393063585
0 0.3603515625 0.528179190751445 0.021484375 0.11127167630057803
0 0.40478515625 0.5086705202312138 0.0185546875 0.07225433526011561
0 0.4384765625 0.559971098265896 0.044921875 0.11705202312138728
0 0.4736328125 0.5245664739884393 0.03515625 0.06936416184971098
0 0.5439453125 0.5332369942196532 0.052734375 0.10115606936416185
0 0.61474609375 0.5440751445086706 0.0419921875 0.0968208092485549
0 0.642578125 0.5426300578034682 0.044921875 0.07658959537572255
0 0.71923828125 0.5382947976878613 0.0576171875 0.10260115606936417
0 0.7421875 0.5007225433526011 0.021484375 0.03901734104046243
1 0.10400390625 0.5838150289017341 0.2080078125 0.14450867052023122
1 0.3974609375 0.4848265895953757 0.013671875 0.02745664739884393
1 0.5234375 0.5657514450867052 0.171875 0.12283236994219653
1 0.595703125 0.5065028901734104 0.060546875 0.06791907514450866
1 0.6982421875 0.5476878612716763 0.123046875 0.12427745664739884
