0 0.05322265625 0.5813802083333334 0.0498046875 0.13151041666666666
0 0.29931640625 0.3984375 0.0498046875 0.046875
0 0.51513671875 0.3580729166666667 0.1494140625 0.18229166666666666
0 0.45947265625 0.306640625 0.0146484375 0.02734375
0 0.61083984375 0.3118489583333333 0.0146484375 0.02734375
0 0.76806640625 0.3216145833333333 0.1083984375 0.2994791666666667
0 0.82470703125 0.4368489583333333 0.0322265625 0.07942708333333333
0 0.8515625 0.4505208333333333 0.02734375 0.078125
0 0.87841796875 0.4557291666666667 0.0322265625 0.09114583333333333
0 0.88427734375 0.3151041666666667 0.0224609375 0.07291666666666667
0 0.9013671875 0.4635416666666667 0.03125 0.09114583333333333
0 0.9140625 0.3235677083333333 0.0234375 0.07421875
0 0.92919921875 0.4479166666666667 0.0244140625 0.10416666666666667
0 0.9423828125 0.4270833333333333 0.0234375 0.08333333333333333
0 0.9599609375 0.4303385416666667 0.017578125 0.10286458333333333
0 0.96435546875 0.337890625 0.0224609375 0.061197916666666664
0 0.98486328125 0.4361979166666667 0.0263671875 0.09375
0 0.9921875 0.4388020833333333 0.013671875 0.10677083333333333
1 0.55029296875 0.5540364583333334 0.6220703125 0.6966145833333334
1 0.4033203125 0.2936197916666667 0.041015625 0.01953125
