0 0.13037109375 0.5883620689655172 0.0673828125 0.3290229885057471
0 0.30859375 0.47701149425287354 0.03515625 0.08908045977011494
0 0.3798828125 0.5790229885057471 0.076171875 0.3735632183908046
0 0.35595703125 0.46910919540229884 0.0205078125 0.07614942528735633
0 0.42724609375 0.4956896551724138 0.0205078125 0.13218390804597702
0 0.4775390625 0.48563218390804597 0.029296875 0.10919540229885058
0 0.5029296875 0.4892241379310345 0.021484375 0.09051724137931035
0 0.82421875 0.48778735632183906 0.021484375 0.09051724137931035
0 0.8330078125 0.46839080459770116 0.013671875 0.06609195402298851
1 0.2880859375 0.5639367816091954 0.248046875 0.17097701149425287
