1 0.87255859375 0.478515625 0.2236328125 0.20182291666666666
0 0.14990234375 0.3873697916666667 0.0185546875 0.061197916666666664
0 0.2177734375 0.4296875 0.03125 0.11458333333333333
0 0.25537109375 0.4153645833333333 0.0361328125 0.11979166666666667
0 0.3134765625 0.5091145833333334 0.12109375 0.3385416666666667
0 0.3896484375 0.4889322916666667 0.0703125 0.31640625
0 0.4638671875 0.3815104166666667 0.03125 0.041666666666666664
0 0.5107421875 0.3821614583333333 0.0546875 0.14713541666666666
0 0.62890625 0.4029947916666667 0.0390625 0.12369791666666667
0 0.70703125 0.486328125 0.0546875 0.24088541666666666
0 0.74951171875 0.4498697916666667 0.0556640625 0.18619791666666666
1 0.80712890625 0.3997395833333333 0.1083984375 0.059895833333333336
