0 0.00830078125 0.3912760416666667 0.0107421875 0.024739583333333332
0 0.0224609375 0.4140625 0.013671875 0.0703125
0 0.0771484375 0.4296875 0.0234375 0.06770833333333333
0 0.0908203125 0.421875 0.01171875 0.06770833333333333
0 0.103515625 0.4251302083333333 0.029296875 0.07421875
0 0.10693359375 0.41796875 0.0205078125 0.08854166666666667
0 0.3056640625 0.390625 0.025390625 0.059895833333333336
0 0.34375 0.4576822916666667 0.056640625 0.12109375
0 0.48046875 0.419921875 0.142578125 0.23828125
0 0.51123046875 0.388671875 0.0244140625 0.05859375
0 0.53759765625 0.3782552083333333 0.0244140625 0.07682291666666667
0 0.55908203125 0.3860677083333333 0.0224609375 0.055989583333333336
0 0.77734375 0.3424479166666667 0.02734375 0.0390625
1 0.07470703125 0.4166666666666667 0.1044921875 0.07552083333333333
1 0.1865234375 0.4270833333333333 0.140625 0.08333333333333333
1 0.34765625 0.4296875 0.1484375 0.125
1 0.76513671875 0.431640625 0.4033203125 0.23046875
