0 0.65283203125 0.5494791666666666 0.1337890625 0.4244791666666667
0 0.0283203125 0.4713541666666667 0.056640625 0.234375
0 0.05078125 0.4524739583333333 0.037109375 0.2565104166666667
0 0.0849609375 0.4420572916666667 0.052734375 0.19401041666666666
0 0.1279296875 0.3912760416666667 0.037109375 0.11848958333333333
0 0.17529296875 0.384765625 0.0400390625 0.12369791666666667
0 0.205078125 0.3938802083333333 0.02734375 0.12369791666666667
0 0.23486328125 0.37890625 0.0322265625 0.12239583333333333
0 0.25537109375 0.3854166666666667 0.0244140625 0.10416666666666667
0 0.26806640625 0.37109375 0.0205078125 0.1171875
0 0.294921875 0.361328125 0.02734375 0.10286458333333333
0 0.39306640625 0.5091145833333334 0.1728515625 0.40625
0 0.5234375 0.3971354166666667 0.0625 0.22395833333333334
0 0.59765625 0.3307291666666667 0.0703125 0.15625
1 0.4365234375 0.3216145833333333 0.130859375 0.06770833333333333
1 0.63623046875 0.3723958333333333 0.1962890625 0.234375
