0 0.45947265625 0.13151041666666666 0.1533203125 0.2265625
0 0.9345703125 0.24283854166666666 0.0390625 0.12630208333333334
1 0.087890625 0.146484375 0.17578125 0.29296875
1 0.4482421875 0.4641927083333333 0.880859375 0.85546875
1 0.099609375 0.0625 0.072265625 0.09114583333333333
1 0.5830078125 0.15364583333333334 0.068359375 0.0703125
1 0.70263671875 0.2819010416666667 0.1181640625 0.08723958333333333
1 0.70263671875 0.15364583333333334 0.1005859375 0.09895833333333333
1 0.81640625 0.18815104166666666 0.080078125 0.08463541666666667
1 0.9560546875 0.2109375 0.080078125 0.09895833333333333
