0 0.041015625 0.4752604166666667 0.02734375 0.07291666666666667
0 0.0625 0.4674479166666667 0.02734375 0.08854166666666667
0 0.08935546875 0.4622395833333333 0.0283203125 0.08072916666666667
0 0.11083984375 0.4596354166666667 0.0380859375 0.0859375
0 0.19091796875 0.4544270833333333 0.0126953125 0.07552083333333333
0 0.2119140625 0.4466145833333333 0.025390625 0.09114583333333333
0 0.23681640625 0.439453125 0.0361328125 0.09505208333333333
0 0.2744140625 0.4446614583333333 0.044921875 0.07421875
0 0.3125 0.4368489583333333 0.025390625 0.10026041666666667
0 0.34375 0.43359375 0.037109375 0.09114583333333333
0 0.54833984375 0.419921875 0.0361328125 0.08984375
0 0.6025390625 0.4134114583333333 0.0234375 0.08203125
1 0.02685546875 0.4368489583333333 0.0537109375 0.040364583333333336
1 0.13330078125 0.4361979166666667 0.0751953125 0.0390625
1 0.38818359375 0.4322916666666667 0.0751953125 0.052083333333333336
1 0.51171875 0.4212239583333333 0.046875 0.040364583333333336
1 0.58935546875 0.4147135416666667 0.1259765625 0.040364583333333336
1 0.77197265625 0.4303385416666667 0.2568359375 0.19661458333333334
