0 0.07470703125 0.42972181551976574 0.0654296875 0.28550512445095166
0 0.1787109375 0.37042459736456806 0.044921875 0.1698389458272328
0 0.21240234375 0.32503660322108346 0.0185546875 0.05856515373352855
0 0.46923828125 0.3067349926793558 0.0341796875 0.060029282576866766
0 0.494140625 0.4612005856515373 0.080078125 0.09663250366032211
0 0.49755859375 0.3279648609077599 0.0263671875 0.06442166910688141
0 0.5322265625 0.31332357247437775 0.037109375 0.09663250366032211
0 0.6669921875 0.3967789165446559 0.04296875 0.20497803806734993
0 0.75732421875 0.4011713030746706 0.0673828125 0.2020497803806735
0 0.88818359375 0.40263543191800877 0.0673828125 0.26061493411420206
0 0.9384765625 0.4172767203513909 0.060546875 0.30161054172767204
1 0.521484375 0.5527086383601757 0.953125 0.47584187408491946
