0 0.0732421875 0.47723935389133626 0.146484375 0.5110132158590308
0 0.16357421875 0.3509544787077827 0.1552734375 0.2966226138032305
0 0.333984375 0.31130690161527164 0.060546875 0.13803230543318648
0 0.33154296875 0.2422907488986784 0.0380859375 0.05873715124816446
0 0.4140625 0.23861967694566813 0.0234375 0.06020558002936858
0 0.451171875 0.276798825256975 0.03125 0.048458149779735685
0 0.5009765625 0.2599118942731278 0.013671875 0.0381791483113069
0 0.84423828125 0.28193832599118945 0.0615234375 0.18502202643171806
0 0.876953125 0.3120411160058737 0.060546875 0.24522760646108663
0 0.9228515625 0.29295154185022027 0.041015625 0.2393538913362702
1 0.24853515625 0.4853157121879589 0.4658203125 0.45374449339207046
1 0.49609375 0.5763582966226138 0.763671875 0.6152716593245228
