0 0.02099609375 0.8892961876832844 0.0419921875 0.10997067448680352
0 0.02392578125 0.9318181818181818 0.0478515625 0.13049853372434017
0 0.16259765625 0.8958944281524927 0.0888671875 0.20234604105571846
0 0.19970703125 0.9545454545454546 0.0888671875 0.08504398826979472
0 0.25 0.5439882697947214 0.033203125 0.05571847507331378
0 0.29248046875 0.531524926686217 0.0419921875 0.08357771260997067
0 0.35009765625 0.8870967741935484 0.0673828125 0.21994134897360704
0 0.40478515625 0.7346041055718475 0.0576171875 0.11143695014662756
0 0.41259765625 0.5703812316715543 0.0400390625 0.05865102639296188
0 0.56201171875 0.5219941348973607 0.0341796875 0.15542521994134897
0 0.58837890625 0.4120234604105572 0.0283203125 0.10263929618768329
0 0.5947265625 0.5278592375366569 0.037109375 0.16422287390029325
0 0.5947265625 0.44868035190615835 0.029296875 0.05278592375366569
0 0.623046875 0.5285923753665689 0.037109375 0.14222873900293256
0 0.662109375 0.5762463343108505 0.04296875 0.16715542521994134
0 0.75830078125 0.6363636363636364 0.0732421875 0.18181818181818182
0 0.77685546875 0.7331378299120235 0.0576171875 0.22580645161290322
0 0.8310546875 0.7741935483870968 0.0703125 0.25806451612903225
0 0.9794921875 0.5425219941348973 0.037109375 0.12316715542521994
0 0.982421875 0.6436950146627566 0.03125 0.11730205278592376
1 0.35107421875 0.7258064516129032 0.5107421875 0.36363636363636365
1 0.57275390625 0.25513196480938416 0.0517578125 0.03519061583577713
1 0.76025390625 0.4149560117302053 0.1513671875 0.1906158357771261
