0 0.4375 0.5107421875 0.046875 0.0546875
0 0.6080729166666666 0.50927734375 0.03125 0.0263671875
0 0.7766927083333334 0.51025390625 0.02734375 0.0244140625
0 0.796875 0.52685546875 0.06770833333333333 0.0537109375
1 0.177734375 0.5244140625 0.06901041666666667 0.044921875
1 0.23567708333333334 0.498046875 0.057291666666666664 0.029296875
1 0.2513020833333333 0.53271484375 0.0703125 0.0439453125
1 0.2552083333333333 0.48876953125 0.049479166666666664 0.0302734375
1 0.2903645833333333 0.4716796875 0.044270833333333336 0.02734375
1 0.31640625 0.45947265625 0.03125 0.0283203125
1 0.3326822916666667 0.44921875 0.02734375 0.0234375
1 0.349609375 0.439453125 0.024739583333333332 0.01953125
1 0.3639322916666667 0.4345703125 0.01171875 0.015625
1 0.373046875 0.43017578125 0.006510416666666667 0.0146484375
1 0.3821614583333333 0.4248046875 0.009114583333333334 0.009765625
1 0.4049479166666667 0.41943359375 0.013020833333333334 0.0126953125
