0 0.6982421875 0.2691740412979351 0.087890625 0.22861356932153393
0 0.28515625 0.36578171091445427 0.015625 0.038348082595870206
0 0.30078125 0.38421828908554573 0.025390625 0.06342182890855458
0 0.6357421875 0.3665191740412979 0.015625 0.06342182890855458
0 0.80029296875 0.3480825958702065 0.0244140625 0.0855457227138643
0 0.90869140625 0.43731563421828906 0.0810546875 0.24041297935103245
0 0.97314453125 0.3134218289085546 0.0244140625 0.05457227138643068
1 0.45654296875 0.6305309734513275 0.7744140625 0.5737463126843658
1 0.37060546875 0.3495575221238938 0.0732421875 0.058997050147492625
1 0.78369140625 0.31710914454277284 0.0927734375 0.0471976401179941
1 0.90576171875 0.36504424778761063 0.1865234375 0.15486725663716813
