0 0.20802919708029197 0.85009765625 0.08613138686131387 0.1123046875
0 0.09635036496350365 0.8193359375 0.02335766423357664 0.03125
0 0.16642335766423358 0.830078125 0.07591240875912408 0.087890625
0 0.2656934306569343 0.62841796875 0.08175182481751825 0.1416015625
0 0.4824817518248175 0.8544921875 0.06569343065693431 0.109375
0 0.5043795620437956 0.33447265625 0.0948905109489051 0.1494140625
0 0.6715328467153284 0.5771484375 0.0905109489051095 0.17578125
0 0.6883211678832116 0.857421875 0.06277372262773723 0.12109375
0 0.7788321167883212 0.61474609375 0.07153284671532846 0.1552734375
0 0.8817518248175182 0.79150390625 0.06423357664233577 0.0478515625
0 0.9759124087591241 0.86376953125 0.04525547445255475 0.1708984375
1 0.14233576642335766 0.9453125 0.2846715328467153 0.107421875
1 0.20656934306569344 0.908203125 0.4131386861313869 0.181640625
