1 0.59375 0.4694010416666667 0.732421875 0.8294270833333334
0 0.06591796875 0.3697916666666667 0.1318359375 0.3020833333333333
0 0.1455078125 0.3255208333333333 0.19140625 0.3645833333333333
0 0.25634765625 0.13151041666666666 0.0380859375 0.11197916666666667
0 0.3642578125 0.107421875 0.048828125 0.10546875
0 0.39599609375 0.06640625 0.0517578125 0.1328125
0 0.52587890625 0.037760416666666664 0.0556640625 0.07552083333333333
0 0.57861328125 0.021484375 0.0478515625 0.04296875
1 0.369140625 0.15494791666666666 0.30859375 0.2890625
1 0.47998046875 0.17708333333333334 0.4892578125 0.3541666666666667
