0 0.06982421875 0.10546875 0.0400390625 0.203125
0 0.12158203125 0.064453125 0.0400390625 0.12890625
0 0.16064453125 0.08072916666666667 0.0341796875 0.16145833333333334
0 0.20947265625 0.07747395833333333 0.0341796875 0.15494791666666666
0 0.2421875 0.0625 0.04296875 0.125
0 0.30419921875 0.056640625 0.0322265625 0.11328125
0 0.6142578125 0.5423177083333334 0.18359375 0.55859375
1 0.04443359375 0.029947916666666668 0.0888671875 0.059895833333333336
1 0.65283203125 0.15494791666666666 0.5224609375 0.203125
1 0.75830078125 0.04296875 0.1650390625 0.03125
1 0.86962890625 0.09309895833333333 0.2587890625 0.18619791666666666
