1 0.4697265625 0.5868945868945868 0.875 0.6723646723646723
0 0.4912109375 0.2514245014245014 0.02734375 0.17236467236467237
0 0.5400390625 0.2264957264957265 0.1015625 0.22792022792022792
0 0.6416015625 0.2336182336182336 0.1171875 0.2905982905982906
0 0.7890625 0.2621082621082621 0.10546875 0.2621082621082621
0 0.970703125 0.19301994301994302 0.056640625 0.3148148148148148
1 0.6767578125 0.4024216524216524 0.64453125 0.2264957264957265
1 0.83154296875 0.28347578347578345 0.2919921875 0.14814814814814814
1 0.8935546875 0.20655270655270655 0.162109375 0.07692307692307693
1 0.95654296875 0.18376068376068377 0.0283203125 0.045584045584045586
