0 0.07861328125 0.4687906371911573 0.0888671875 0.36280884265279584
0 0.1220703125 0.4635890767230169 0.046875 0.2977893368010403
0 0.14990234375 0.45708712613784136 0.0537109375 0.27698309492847856
0 0.208984375 0.45513654096228867 0.068359375 0.25227568270481143
0 0.31591796875 0.4486345903771131 0.0634765625 0.19505851755526657
0 0.40478515625 0.36866059817945385 0.0302734375 0.07932379713914174
0 0.7177734375 0.3985695708712614 0.072265625 0.1729518855656697
0 0.78173828125 0.4466840052015605 0.0556640625 0.21456436931079323
0 0.8115234375 0.42912873862158646 0.033203125 0.2106631989596879
0 0.841796875 0.44213263979193757 0.04296875 0.247074122236671
0 0.9033203125 0.42782834850455137 0.080078125 0.3068920676202861
0 0.96826171875 0.4427828348504551 0.0576171875 0.32639791937581275
1 0.544921875 0.5624187256176854 0.4765625 0.5110533159947984
