0 0.42236328125 0.40433673469387754 0.3740234375 0.45153061224489793
1 0.78564453125 0.2538265306122449 0.1552734375 0.10459183673469388
0 0.1181640625 0.25 0.025390625 0.12244897959183673
0 0.15087890625 0.27232142857142855 0.0244140625 0.11862244897959184
0 0.462890625 0.23979591836734693 0.04296875 0.08673469387755102
0 0.49365234375 0.23660714285714285 0.0361328125 0.09566326530612244
0 0.56396484375 0.2710459183673469 0.0419921875 0.20535714285714285
0 0.61669921875 0.27614795918367346 0.0439453125 0.20790816326530612
0 0.6767578125 0.2780612244897959 0.05859375 0.1913265306122449
1 0.142578125 0.2627551020408163 0.07421875 0.10714285714285714
1 0.2841796875 0.28061224489795916 0.046875 0.05357142857142857
1 0.53564453125 0.24681122448979592 0.0478515625 0.07525510204081633
1 0.89794921875 0.24043367346938777 0.0810546875 0.11607142857142858
1 0.962890625 0.24744897959183673 0.072265625 0.13010204081632654
