0 0.00341796875 0.5949926362297496 0.0068359375 0.03829160530191458
0 0.0263671875 0.5913107511045655 0.02734375 0.06332842415316642
0 0.076171875 0.727540500736377 0.107421875 0.2533136966126657
0 0.0498046875 0.5861561119293078 0.015625 0.03240058910162003
0 0.24609375 0.6354933726067746 0.015625 0.054491899852724596
0 0.259765625 0.6229749631811488 0.021484375 0.07952871870397643
0 0.33740234375 0.780559646539028 0.1123046875 0.3446244477172312
0 0.30078125 0.5920471281296024 0.015625 0.03829160530191458
0 0.408203125 0.7901325478645066 0.12890625 0.3755522827687776
0 0.5498046875 0.5699558173784978 0.0078125 0.029455081001472753
0 0.5849609375 0.5743740795287187 0.025390625 0.03240058910162003
0 0.67724609375 0.569219440353461 0.0126953125 0.030927835051546393
0 0.7939453125 0.572901325478645 0.01953125 0.041237113402061855
0 0.87060546875 0.6524300441826215 0.0361328125 0.16200294550810015
0 0.97705078125 0.6995581737849779 0.0439453125 0.2768777614138439
1 0.0771484375 0.687039764359352 0.154296875 0.1487481590574374
1 0.0908203125 0.6428571428571429 0.16015625 0.12223858615611193
1 0.33837890625 0.6170839469808542 0.1142578125 0.08541973490427099
1 0.4248046875 0.6075110456553755 0.0859375 0.06921944035346098
1 0.4765625 0.5986745213549337 0.05078125 0.060382916053019146
1 0.64990234375 0.6060382916053019 0.0966796875 0.09572901325478646
1 0.70263671875 0.5758468335787923 0.0224609375 0.023564064801178203
1 0.73046875 0.585419734904271 0.05078125 0.0662739322533137
