0 0.486328125 0.5447870778267254 0.115234375 0.5110132158590308
1 0.16015625 0.5602055800293686 0.193359375 0.23641703377386197
0 0.13037109375 0.5007342143906021 0.0458984375 0.04405286343612335
0 0.25634765625 0.5212922173274597 0.0322265625 0.11160058737151249
0 0.2802734375 0.5066079295154186 0.01953125 0.10866372980910426
0 0.37060546875 0.4618208516886931 0.0087890625 0.033773861967694566
0 0.380859375 0.4632892804698972 0.01171875 0.048458149779735685
0 0.39111328125 0.461086637298091 0.0107421875 0.023494860499265784
1 0.185546875 0.4353891336270191 0.056640625 0.042584434654919234
1 0.4072265625 0.48384728340675476 0.04296875 0.05433186490455213
1 0.43212890625 0.47063142437591776 0.0146484375 0.05433186490455213
1 0.52490234375 0.4801762114537445 0.0166015625 0.03524229074889868
