0 0.21923828125 0.6074561403508771 0.1337890625 0.3991228070175439
0 0.32373046875 0.46271929824561403 0.0537109375 0.0891812865497076
1 0.4638671875 0.6169590643274854 0.763671875 0.45321637426900585
1 0.318359375 0.34502923976608185 0.025390625 0.02631578947368421
1 0.33447265625 0.34649122807017546 0.0185546875 0.023391812865497075
1 0.3466796875 0.34941520467836257 0.00390625 0.017543859649122806
1 0.3876953125 0.34576023391812866 0.01953125 0.027777777777777776
1 0.404296875 0.34868421052631576 0.013671875 0.019005847953216373
1 0.42236328125 0.347953216374269 0.0146484375 0.02046783625730994
1 0.44140625 0.347953216374269 0.015625 0.02046783625730994
1 0.48095703125 0.34868421052631576 0.0166015625 0.019005847953216373
1 0.66064453125 0.364766081871345 0.0263671875 0.007309941520467836
1 0.67724609375 0.36622807017543857 0.0107421875 0.01023391812865497
