0 0.84765625 0.4443631039531479 0.130859375 0.7130307467057101
1 0.4306640625 0.5666178623718887 0.748046875 0.7232796486090776
0 0.00439453125 0.17935578330893118 0.0087890625 0.05124450951683748
0 0.037109375 0.24231332357247437 0.064453125 0.17715959004392387
0 0.03173828125 0.1478770131771596 0.0283203125 0.032210834553440704
0 0.07421875 0.13689604685212298 0.04296875 0.06588579795021962
0 0.06640625 0.18740849194729137 0.025390625 0.1259150805270864
0 0.0888671875 0.21156661786237188 0.029296875 0.2005856515373353
0 0.13232421875 0.1903367496339678 0.0986328125 0.24011713030746706
0 0.2255859375 0.17569546120058566 0.083984375 0.21669106881405564
0 0.27197265625 0.18594436310395315 0.0302734375 0.12298682284040996
0 0.28759765625 0.19472913616398244 0.0419921875 0.17276720351390923
0 0.33642578125 0.1705710102489019 0.0146484375 0.027818448023426062
0 0.36572265625 0.16105417276720352 0.0087890625 0.014641288433382138
0 0.37109375 0.1705710102489019 0.013671875 0.03367496339677892
0 0.39697265625 0.21156661786237188 0.0361328125 0.1595900439238653
0 0.44970703125 0.17276720351390923 0.0146484375 0.01171303074670571
0 0.48388671875 0.17276720351390923 0.0146484375 0.02342606149341142
0 0.49658203125 0.1705710102489019 0.0068359375 0.01903367496339678
0 0.5166015625 0.21522693997071743 0.017578125 0.1581259150805271
0 0.546875 0.14641288433382138 0.046875 0.1171303074670571
0 0.68603515625 0.17130307467057102 0.0712890625 0.2020497803806735
0 0.66064453125 0.13030746705710103 0.0146484375 0.02342606149341142
0 0.7919921875 0.16325036603221083 0.025390625 0.0746705710102489
0 0.8623046875 0.2240117130307467 0.052734375 0.15226939970717424
0 0.96435546875 0.2759882869692533 0.0693359375 0.2913616398243045
1 0.01904296875 0.28257686676427524 0.0380859375 0.09077598828696926
1 0.205078125 0.410688140556369 0.41015625 0.3733528550512445
1 0.462890625 0.18374816983894582 0.03125 0.013177159590043924
