1 0.46630859375 0.5980966325036603 0.9013671875 0.4992679355783309
0 0.05126953125 0.19765739385065886 0.1025390625 0.3953147877013177
0 0.11181640625 0.20863836017569545 0.0380859375 0.33821376281112736
0 0.42138671875 0.27159590043923865 0.1083984375 0.2591508052708638
0 0.720703125 0.3535871156661786 0.01953125 0.06881405563689605
0 0.775390625 0.36530014641288433 0.01953125 0.05124450951683748
0 0.94921875 0.4560761346998536 0.05859375 0.09224011713030747
1 0.14501953125 0.12225475841874085 0.0654296875 0.11273792093704246
1 0.837890625 0.38433382137628114 0.078125 0.05710102489019034
1 0.8623046875 0.3850658857979502 0.021484375 0.02635431918008785
1 0.8828125 0.39092240117130306 0.01171875 0.014641288433382138
1 0.94580078125 0.6032210834553441 0.1064453125 0.15226939970717424
