1 0.951171875 0.7240117130307467 0.087890625 0.10395314787701318
0 0.42333984375 0.7847730600292826 0.1044921875 0.33382137628111275
0 0.64404296875 0.7020497803806734 0.0380859375 0.1595900439238653
1 0.16748046875 0.698389458272328 0.0361328125 0.04685212298682284
1 0.33203125 0.7115666178623719 0.0546875 0.08784773060029283
1 0.4150390625 0.6896046852122987 0.01171875 0.02635431918008785
1 0.45263671875 0.6734992679355783 0.0146484375 0.040995607613469986
1 0.4580078125 0.6691068814055637 0.017578125 0.03513909224011713
1 0.47509765625 0.6566617862371888 0.0205078125 0.03367496339677892
1 0.50341796875 0.6903367496339677 0.0537109375 0.048316251830161056
1 0.48828125 0.650805270863836 0.005859375 0.01903367496339678
1 0.4912109375 0.6442166910688141 0.0078125 0.014641288433382138
1 0.5068359375 0.6471449487554904 0.017578125 0.014641288433382138
1 0.55859375 0.6544655929721815 0.017578125 0.020497803806734993
1 0.5771484375 0.6420204978038068 0.013671875 0.010248901903367497
1 0.58935546875 0.6551976573938506 0.0166015625 0.01903367496339678
