0 0.025390625 0.677891654465593 0.0234375 0.0527086383601757
0 0.17138671875 0.835285505124451 0.1083984375 0.32650073206442165
0 0.12939453125 0.66398243045388 0.0107421875 0.03367496339677892
0 0.23974609375 0.7833089311859444 0.0673828125 0.2342606149341142
0 0.23486328125 0.6705710102489019 0.0087890625 0.040995607613469986
0 0.28662109375 0.8294289897510981 0.1064453125 0.33821376281112736
0 0.24658203125 0.6691068814055637 0.0107421875 0.03513909224011713
0 0.40234375 0.6742313323572474 0.009765625 0.024890190336749635
0 0.41455078125 0.671303074670571 0.0146484375 0.03953147877013177
1 0.31640625 0.678623718887262 0.029296875 0.048316251830161056
1 0.35888671875 0.6925329428989752 0.0732421875 0.04978038067349927
1 0.4453125 0.6976573938506588 0.091796875 0.060029282576866766
1 0.580078125 0.705710102489019 0.09765625 0.05856515373352855
