1 0.37744140625 0.6725260416666666 0.3095703125 0.28515625
0 0.12890625 0.8938802083333334 0.19921875 0.20963541666666666
0 0.09814453125 0.5208333333333334 0.0322265625 0.07552083333333333
0 0.1201171875 0.5123697916666666 0.025390625 0.07942708333333333
0 0.1337890625 0.56640625 0.017578125 0.08854166666666667
0 0.17041015625 0.541015625 0.0185546875 0.12890625
0 0.1787109375 0.5403645833333334 0.03125 0.13802083333333334
0 0.21435546875 0.5657552083333334 0.0712890625 0.09765625
0 0.3505859375 0.8092447916666666 0.16015625 0.37890625
0 0.55810546875 0.4759114583333333 0.0361328125 0.06901041666666667
0 0.61328125 0.552734375 0.033203125 0.08984375
0 0.6083984375 0.5286458333333334 0.017578125 0.0390625
0 0.8017578125 0.701171875 0.080078125 0.08984375
0 0.7978515625 0.623046875 0.041015625 0.10807291666666667
0 0.849609375 0.599609375 0.14453125 0.24869791666666666
0 0.798828125 0.5377604166666666 0.025390625 0.09375
0 0.8779296875 0.5592447916666666 0.0390625 0.13932291666666666
0 0.9638671875 0.5859375 0.037109375 0.140625
1 0.06640625 0.6204427083333334 0.1328125 0.2591145833333333
1 0.56201171875 0.5891927083333334 0.1416015625 0.16536458333333334
1 0.6435546875 0.5442708333333334 0.103515625 0.109375
1 0.71142578125 0.5338541666666666 0.0556640625 0.0859375
1 0.75732421875 0.5338541666666666 0.0439453125 0.08333333333333333
