0 0.85302734375 0.2326388888888889 0.0830078125 0.3159722222222222
1 0.4892578125 0.5 0.90234375 0.8263888888888888
0 0.224609375 0.125 0.060546875 0.11805555555555555
0 0.298828125 0.09027777777777778 0.072265625 0.15625
0 0.35986328125 0.10503472222222222 0.0400390625 0.109375
0 0.41064453125 0.125 0.0830078125 0.10416666666666667
0 0.63818359375 0.1032986111111111 0.0693359375 0.2065972222222222
0 0.7080078125 0.15364583333333334 0.0625 0.1857638888888889
0 0.76708984375 0.17447916666666666 0.0419921875 0.24479166666666666
0 0.92236328125 0.1388888888888889 0.0966796875 0.2777777777777778
1 0.91650390625 0.3463541666666667 0.1630859375 0.6927083333333334
