1 0.15380859375 0.9091503267973856 0.2509765625 0.15294117647058825
0 0.197265625 0.9477124183006536 0.33203125 0.04967320261437908
0 0.177734375 0.9411764705882353 0.0859375 0.11503267973856209
0 0.32080078125 0.8803921568627451 0.0166015625 0.07450980392156863
0 0.35107421875 0.9071895424836601 0.0263671875 0.03137254901960784
0 0.36474609375 0.8869281045751634 0.0283203125 0.08758169934640522
0 0.3828125 0.8934640522875817 0.0078125 0.08496732026143791
0 0.39208984375 0.8960784313725491 0.0107421875 0.09542483660130718
0 0.41650390625 0.8901960784313725 0.0029296875 0.08627450980392157
0 0.49365234375 0.8705882352941177 0.0283203125 0.06797385620915032
0 0.5419921875 0.8960784313725491 0.0390625 0.09019607843137255
0 0.90234375 0.930718954248366 0.0546875 0.13594771241830064
1 0.0400390625 0.8516339869281045 0.080078125 0.0718954248366013
1 0.8828125 0.8928104575163399 0.140625 0.10718954248366012
1 0.97509765625 0.9104575163398693 0.0478515625 0.08235294117647059
1 0.99072265625 0.9607843137254902 0.0166015625 0.06013071895424837
