0 0.62646484375 0.6595052083333334 0.0771484375 0.23307291666666666
0 0.5927734375 0.5748697916666666 0.037109375 0.10286458333333333
0 0.7109375 0.6666666666666666 0.046875 0.19270833333333334
0 0.7294921875 0.5416666666666666 0.052734375 0.06770833333333333
0 0.79345703125 0.6041666666666666 0.0517578125 0.16145833333333334
0 0.92626953125 0.5735677083333334 0.0224609375 0.14713541666666666
0 0.94189453125 0.572265625 0.0283203125 0.11328125
0 0.962890625 0.609375 0.05078125 0.20572916666666666
1 0.0810546875 0.5546875 0.140625 0.08854166666666667
1 0.20458984375 0.794921875 0.3818359375 0.38671875
1 0.35400390625 0.5651041666666666 0.1005859375 0.0859375
1 0.55029296875 0.5703125 0.0712890625 0.09114583333333333
