1 0.45068359375 0.5045572916666666 0.5732421875 0.52734375
0 0.525390625 0.21028645833333334 0.037109375 0.08203125
0 0.55615234375 0.19596354166666666 0.0400390625 0.053385416666666664
0 0.57080078125 0.21484375 0.0419921875 0.08333333333333333
0 0.5908203125 0.189453125 0.029296875 0.05078125
0 0.6103515625 0.220703125 0.037109375 0.08723958333333333
0 0.63427734375 0.23958333333333334 0.0224609375 0.049479166666666664
0 0.6640625 0.21875 0.0390625 0.10416666666666667
0 0.7666015625 0.3255208333333333 0.068359375 0.3463541666666667
0 0.8046875 0.3828125 0.087890625 0.4427083333333333
0 0.80810546875 0.2955729166666667 0.0263671875 0.3098958333333333
0 0.8662109375 0.30859375 0.068359375 0.2838541666666667
0 0.89892578125 0.29296875 0.0263671875 0.2109375
0 0.95556640625 0.3072916666666667 0.0751953125 0.28125
