0 0.18896484375 0.6644640234948604 0.0146484375 0.13362701908957417
0 0.193359375 0.6732745961820852 0.01171875 0.14243759177679882
0 0.4169921875 0.7070484581497798 0.1484375 0.4684287812041116
0 0.60205078125 0.6527165932452276 0.0400390625 0.1130690161527166
0 0.63720703125 0.6828193832599119 0.0693359375 0.19676945668135096
0 0.68603515625 0.671071953010279 0.0458984375 0.17033773861967694
0 0.79443359375 0.6747430249632893 0.0986328125 0.2775330396475771
0 0.83740234375 0.71071953010279 0.0888671875 0.32599118942731276
0 0.91162109375 0.2723935389133627 0.1181640625 0.18355359765051396
1 0.2470703125 0.6651982378854625 0.044921875 0.09104258443465492
1 0.30419921875 0.6916299559471366 0.0400390625 0.17033773861967694
1 0.41845703125 0.71071953010279 0.2275390625 0.3671071953010279
1 0.56591796875 0.631424375917768 0.0341796875 0.05873715124816446
1 0.70654296875 0.6798825256975036 0.0849609375 0.11160058737151249
