0 0.29541015625 0.4778645833333333 0.1474609375 0.5494791666666666
0 0.43408203125 0.4563802083333333 0.1396484375 0.52734375
0 0.55615234375 0.5729166666666666 0.2802734375 0.8515625
0 0.662109375 0.4309895833333333 0.1015625 0.4244791666666667
0 0.80029296875 0.501953125 0.2158203125 0.5768229166666666
0 0.89501953125 0.53125 0.2080078125 0.9348958333333334
0 0.8623046875 0.2708333333333333 0.041015625 0.0625
1 0.1474609375 0.4283854166666667 0.294921875 0.2734375
1 0.20654296875 0.25390625 0.0556640625 0.08854166666666667
1 0.3154296875 0.28515625 0.15234375 0.13541666666666666
1 0.55126953125 0.306640625 0.1259765625 0.07942708333333333
