0 0.75341796875 0.18475073313782991 0.0830078125 0.2727272727272727
1 0.5048828125 0.532258064516129 0.81640625 0.8093841642228738
0 0.2802734375 0.1840175953079179 0.046875 0.20674486803519063
0 0.31884765625 0.13709677419354838 0.0341796875 0.08944281524926687
0 0.36474609375 0.13049853372434017 0.0283203125 0.05278592375366569
0 0.41259765625 0.12683284457478006 0.0205078125 0.045454545454545456
1 0.064453125 0.21920821114369501 0.12890625 0.30058651026392963
1 0.1298828125 0.18255131964809385 0.09765625 0.12463343108504399
1 0.4765625 0.1840175953079179 0.21875 0.15102639296187684
1 0.70458984375 0.19794721407624633 0.0673828125 0.12903225806451613
1 0.8798828125 0.24633431085043989 0.23828125 0.36070381231671556
