0 0.4716796875 0.734375 0.115234375 0.28125
0 0.0595703125 0.6080729166666666 0.033203125 0.046875
0 0.10009765625 0.6536458333333334 0.0244140625 0.12760416666666666
0 0.1533203125 0.62890625 0.013671875 0.078125
0 0.1689453125 0.6282552083333334 0.01953125 0.07682291666666667
0 0.24609375 0.630859375 0.0390625 0.08463541666666667
0 0.369140625 0.6217447916666666 0.017578125 0.053385416666666664
0 0.5400390625 0.662109375 0.037109375 0.16276041666666666
0 0.763671875 0.6048177083333334 0.015625 0.03515625
0 0.85595703125 0.5807291666666666 0.0146484375 0.0234375
1 0.40185546875 0.6223958333333334 0.0458984375 0.041666666666666664
1 0.4677734375 0.6360677083333334 0.091796875 0.061197916666666664
1 0.6015625 0.630859375 0.02734375 0.045572916666666664
1 0.65185546875 0.6458333333333334 0.0986328125 0.10416666666666667
1 0.71435546875 0.6998697916666666 0.1689453125 0.17317708333333334
1 0.88720703125 0.7473958333333334 0.2236328125 0.3151041666666667
