0 0.23486328125 0.7981770833333334 0.0986328125 0.3072916666666667
0 0.21484375 0.6627604166666666 0.046875 0.109375
0 0.27099609375 0.75390625 0.0712890625 0.171875
0 0.32080078125 0.7591145833333334 0.0732421875 0.19010416666666666
0 0.39599609375 0.6510416666666666 0.0341796875 0.0390625
0 0.421875 0.6829427083333334 0.037109375 0.12369791666666667
0 0.4423828125 0.6692708333333334 0.025390625 0.07552083333333333
0 0.751953125 0.6712239583333334 0.02734375 0.11328125
0 0.83154296875 0.6516927083333334 0.0166015625 0.05078125
0 0.84619140625 0.6497395833333334 0.0126953125 0.078125
1 0.59765625 0.7376302083333334 0.236328125 0.24609375
