0 0.1787109375 0.5808823529411765 0.076171875 0.4970588235294118
0 0.25146484375 0.6205882352941177 0.1279296875 0.5264705882352941
0 0.330078125 0.5669117647058823 0.08203125 0.4602941176470588
0 0.39404296875 0.5882352941176471 0.0986328125 0.5
0 0.50048828125 0.5845588235294118 0.1103515625 0.5808823529411765
0 0.59716796875 0.6279411764705882 0.1025390625 0.49411764705882355
0 0.68798828125 0.65 0.1259765625 0.5235294117647059
0 0.85107421875 0.6330882352941176 0.1611328125 0.5808823529411765
1 0.04296875 0.37941176470588234 0.0859375 0.03823529411764706
1 0.0810546875 0.4389705882352941 0.162109375 0.10441176470588236
1 0.37060546875 0.37941176470588234 0.0400390625 0.047058823529411764
1 0.5634765625 0.5588235294117647 0.283203125 0.37941176470588234
1 0.85498046875 0.5786764705882353 0.2880859375 0.42205882352941176
