1 0.29736328125 0.548828125 0.2939453125 0.20182291666666666
0 0.52001953125 0.6002604166666666 0.0888671875 0.2760416666666667
1 0.0498046875 0.4934895833333333 0.099609375 0.13802083333333334
1 0.11279296875 0.4986979166666667 0.0517578125 0.1015625
1 0.2412109375 0.4778645833333333 0.103515625 0.044270833333333336
1 0.669921875 0.6022135416666666 0.541015625 0.3450520833333333
1 0.45751953125 0.498046875 0.1142578125 0.05859375
1 0.927734375 0.4850260416666667 0.095703125 0.05859375
1 0.93896484375 0.5768229166666666 0.1181640625 0.1953125
1 0.970703125 0.517578125 0.0546875 0.055989583333333336
