0 0.01025390625 0.45314787701317716 0.0205078125 0.20351390922401172
0 0.03515625 0.41654465592972184 0.068359375 0.22693997071742314
0 0.12744140625 0.42093704245973645 0.0498046875 0.212298682284041
0 0.20654296875 0.4128843338213763 0.0615234375 0.2430453879941435
0 0.26025390625 0.40043923865300146 0.0732421875 0.20644216691068815
0 0.240234375 0.4033674963396779 0.029296875 0.20644216691068815
0 0.3671875 0.5065885797950219 0.125 0.2430453879941435
0 0.35107421875 0.35651537335285505 0.0615234375 0.1390922401171303
0 0.41748046875 0.3857979502196193 0.0439453125 0.19472913616398244
0 0.5576171875 0.4575402635431918 0.162109375 0.4992679355783309
0 0.84765625 0.5497803806734992 0.130859375 0.7569546120058566
1 0.70166015625 0.44216691068814057 0.5771484375 0.4978038067349927
