0 0.5810546875 0.6734567901234568 0.056640625 0.21604938271604937
0 0.07421875 0.6648148148148149 0.07421875 0.15679012345679014
0 0.2353515625 0.6444444444444445 0.029296875 0.145679012345679
0 0.298828125 0.6888888888888889 0.09765625 0.30617283950617286
0 0.35693359375 0.6962962962962963 0.0908203125 0.3111111111111111
0 0.87353515625 0.5858024691358025 0.0341796875 0.07777777777777778
0 0.98046875 0.6209876543209877 0.037109375 0.21975308641975308
1 0.2109375 0.6191358024691358 0.10546875 0.07777777777777778
1 0.3427734375 0.6450617283950617 0.244140625 0.16419753086419753
1 0.955078125 0.595679012345679 0.044921875 0.05802469135802469
