0 0.03955078125 0.1563231850117096 0.0166015625 0.04800936768149883
0 0.07568359375 0.18208430913348947 0.0419921875 0.10655737704918032
0 0.11376953125 0.1873536299765808 0.0341796875 0.10304449648711944
0 0.14794921875 0.1791569086651054 0.0263671875 0.08430913348946135
0 0.1748046875 0.17857142857142858 0.015625 0.07611241217798595
0 0.1865234375 0.17857142857142858 0.0234375 0.09484777517564402
0 0.21826171875 0.18032786885245902 0.0263671875 0.08899297423887588
0 0.29150390625 0.21370023419203746 0.0576171875 0.1791569086651054
0 0.36279296875 0.2336065573770492 0.0283203125 0.12295081967213115
0 0.4072265625 0.24414519906323184 0.01953125 0.12763466042154567
0 0.49658203125 0.21311475409836064 0.0419921875 0.16393442622950818
0 0.53515625 0.20608899297423888 0.041015625 0.1686182669789227
0 0.60546875 0.22189695550351288 0.0703125 0.23770491803278687
0 0.8994140625 0.25175644028103045 0.1171875 0.3091334894613583
0 0.9619140625 0.4274004683840749 0.07421875 0.13114754098360656
0 0.9765625 0.2646370023419204 0.044921875 0.1990632318501171
1 0.49560546875 0.5333723653395784 0.8525390625 0.7693208430913349
1 0.36279296875 0.1832552693208431 0.1044921875 0.06206088992974239
1 0.6787109375 0.20023419203747073 0.03125 0.03981264637002342
1 0.6826171875 0.21311475409836064 0.015625 0.0234192037470726
1 0.72705078125 0.20843091334894615 0.0283203125 0.0351288056206089
1 0.814453125 0.21604215456674472 0.126953125 0.08548009367681499
1 0.78662109375 0.23302107728337237 0.0498046875 0.03747072599531616
