0 0.602257636122178 0.37353515625 0.09163346613545817 0.1376953125
1 0.701859229747676 0.48095703125 0.4953519256308101 0.2021484375
0 0.299468791500664 0.30810546875 0.02257636122177955 0.0751953125
0 0.350597609561753 0.2763671875 0.03718459495351926 0.033203125
0 0.40106241699867196 0.4365234375 0.06374501992031872 0.21484375
0 0.4760956175298805 0.39208984375 0.04648074369189907 0.0380859375
0 0.8260292164674635 0.32421875 0.05046480743691899 0.09765625
0 0.8844621513944223 0.33203125 0.04780876494023904 0.099609375
1 0.1341301460823373 0.56494140625 0.23638778220451528 0.1826171875
1 0.19654714475431606 0.400390625 0.35325365205843295 0.15625
1 0.3559096945551129 0.67626953125 0.6666666666666666 0.1162109375
1 0.40903054448871184 0.443359375 0.6666666666666666 0.19921875
1 0.2596281540504648 0.30322265625 0.16334661354581673 0.0634765625
1 0.3884462151394422 0.30419921875 0.17928286852589642 0.0751953125
1 0.6806108897742363 0.646484375 0.6148738379814077 0.162109375
1 0.5099601593625498 0.30615234375 0.22841965471447542 0.0712890625
1 0.6586985391766268 0.31884765625 0.2656042496679947 0.0947265625
1 0.7742363877822045 0.32470703125 0.23904382470119523 0.0986328125
1 0.9030544488711819 0.32470703125 0.1460823373173971 0.1025390625
1 0.9548472775564409 0.53076171875 0.0796812749003984 0.0966796875
