0 0.57421875 0.8908045977011494 0.0703125 0.1867816091954023
1 0.478515625 0.5675287356321839 0.2421875 0.20402298850574713
0 0.0517578125 0.9382183908045977 0.08984375 0.1206896551724138
0 0.06591796875 0.5488505747126436 0.0361328125 0.15229885057471265
0 0.203125 0.9554597701149425 0.091796875 0.08620689655172414
0 0.181640625 0.3505747126436782 0.009765625 0.08908045977011494
0 0.19482421875 0.4561781609195402 0.0244140625 0.1221264367816092
0 0.20361328125 0.47198275862068967 0.0419921875 0.1278735632183908
0 0.2998046875 0.9346264367816092 0.08984375 0.1278735632183908
0 0.2939453125 0.6372126436781609 0.05078125 0.20545977011494254
0 0.28857421875 0.40229885057471265 0.0361328125 0.04885057471264368
0 0.3291015625 0.4964080459770115 0.02734375 0.1307471264367816
0 0.3427734375 0.6221264367816092 0.046875 0.1781609195402299
0 0.38330078125 0.9504310344827587 0.0693359375 0.09626436781609195
0 0.384765625 0.4418103448275862 0.033203125 0.06752873563218391
0 0.4072265625 0.5495689655172413 0.037109375 0.15373563218390804
0 0.45751953125 0.9418103448275862 0.0927734375 0.11350574712643678
0 0.44189453125 0.5632183908045977 0.0322265625 0.15229885057471265
0 0.5224609375 0.9331896551724138 0.064453125 0.1307471264367816
0 0.62744140625 0.8706896551724138 0.0712890625 0.2557471264367816
0 0.6845703125 0.834051724137931 0.068359375 0.24856321839080459
0 0.67724609375 0.5272988505747126 0.0302734375 0.07758620689655173
0 0.71630859375 0.6982758620689655 0.0498046875 0.23275862068965517
0 0.8203125 0.7507183908045977 0.078125 0.22270114942528735
0 0.841796875 0.5488505747126436 0.03515625 0.07758620689655173
0 0.96728515625 0.8333333333333334 0.0634765625 0.23563218390804597
0 0.974609375 0.9489942528735632 0.048828125 0.09913793103448276
1 0.26953125 0.47126436781609193 0.1640625 0.14080459770114942
1 0.810546875 0.6752873563218391 0.35546875 0.2471264367816092
