1 0.49267578125 0.51171875 0.8701171875 0.5859375
0 0.05517578125 0.21744791666666666 0.0634765625 0.1484375
0 0.076171875 0.22526041666666666 0.03125 0.10677083333333333
0 0.138671875 0.224609375 0.03515625 0.11328125
0 0.154296875 0.21614583333333334 0.017578125 0.052083333333333336
0 0.1650390625 0.212890625 0.017578125 0.05859375
0 0.193359375 0.22005208333333334 0.015625 0.0625
0 0.25244140625 0.251953125 0.0205078125 0.024739583333333332
0 0.2724609375 0.251953125 0.013671875 0.024739583333333332
0 0.30224609375 0.23958333333333334 0.0146484375 0.049479166666666664
0 0.314453125 0.21419270833333334 0.01953125 0.10286458333333333
0 0.3310546875 0.216796875 0.017578125 0.08203125
0 0.3486328125 0.224609375 0.02734375 0.06901041666666667
0 0.3740234375 0.21484375 0.0234375 0.0859375
0 0.4755859375 0.189453125 0.009765625 0.032552083333333336
0 0.49609375 0.19856770833333334 0.01171875 0.009114583333333334
0 0.61572265625 0.181640625 0.0107421875 0.01171875
0 0.62890625 0.1796875 0.013671875 0.015625
0 0.685546875 0.18033854166666666 0.01171875 0.014322916666666666
0 0.70166015625 0.1796875 0.0087890625 0.015625
0 0.75048828125 0.16536458333333334 0.0087890625 0.026041666666666668
0 0.83154296875 0.17317708333333334 0.0087890625 0.018229166666666668
0 0.87158203125 0.20638020833333334 0.0361328125 0.11848958333333333
0 0.8642578125 0.17578125 0.0078125 0.013020833333333334
0 0.8935546875 0.16731770833333334 0.0078125 0.016927083333333332
0 0.89990234375 0.16861979166666666 0.0087890625 0.014322916666666666
0 0.91845703125 0.17708333333333334 0.0244140625 0.07291666666666667
1 0.208984375 0.396484375 0.41796875 0.39453125
1 0.6689453125 0.236328125 0.35546875 0.13671875
1 0.947265625 0.22005208333333334 0.103515625 0.171875
