0 0.00341796875 0.2774524158125915 0.0068359375 0.0629575402635432
0 0.02197265625 0.25768667642752563 0.0283203125 0.02342606149341142
0 0.0869140625 0.28330893118594436 0.064453125 0.13030746705710103
0 0.71044921875 0.45900439238653 0.0908203125 0.4260614934114202
0 0.8203125 0.4699853587115666 0.138671875 0.45973645680819913
1 0.068359375 0.29941434846266474 0.123046875 0.08052708638360176
1 0.03857421875 0.28330893118594436 0.0537109375 0.0424597364568082
1 0.0830078125 0.32430453879941434 0.138671875 0.10688140556368961
1 0.150390625 0.363103953147877 0.25390625 0.16105417276720352
1 0.25439453125 0.43704245973645683 0.4619140625 0.34992679355783307
