0 0.63427734375 0.6736111111111112 0.0830078125 0.5833333333333334
1 0.126953125 0.5590277777777778 0.171875 0.2013888888888889
0 0.45166015625 0.5711805555555556 0.0263671875 0.1527777777777778
0 0.49365234375 0.5321180555555556 0.0458984375 0.11631944444444445
0 0.5263671875 0.5642361111111112 0.029296875 0.15625
0 0.55517578125 0.5625 0.0283203125 0.16319444444444445
0 0.70068359375 0.5555555555555556 0.0107421875 0.10416666666666667
0 0.7177734375 0.5651041666666666 0.0234375 0.0954861111111111
1 0.3037109375 0.4861111111111111 0.02734375 0.03125
1 0.353515625 0.4748263888888889 0.03515625 0.029513888888888888
1 0.3642578125 0.5225694444444444 0.056640625 0.0763888888888889
1 0.39990234375 0.4826388888888889 0.0224609375 0.027777777777777776
1 0.4169921875 0.5008680555555556 0.029296875 0.03993055555555555
1 0.44580078125 0.4930555555555556 0.0185546875 0.03125
