0 0.27001953125 0.7018813314037626 0.1162109375 0.36468885672937773
0 0.30224609375 0.5318379160636758 0.0341796875 0.056439942112879886
0 0.33154296875 0.6722141823444283 0.0732421875 0.22431259044862517
0 0.32275390625 0.5036179450072359 0.0185546875 0.04630969609261939
0 0.3759765625 0.5694645441389291 0.046875 0.1548480463096961
0 0.5947265625 0.4833574529667149 0.025390625 0.08393632416787265
0 0.79150390625 0.6924746743849494 0.0966796875 0.11722141823444283
1 0.04833984375 0.557163531114327 0.0908203125 0.09840810419681621
1 0.181640625 0.5672937771345875 0.11328125 0.08972503617945007
1 0.6943359375 0.7670043415340086 0.607421875 0.4602026049204052
1 0.90966796875 0.6172214182344429 0.1767578125 0.1577424023154848
