0 0.27197265625 0.5540364583333334 0.0283203125 0.07421875
0 0.33740234375 0.5638020833333334 0.0263671875 0.06510416666666667
0 0.35791015625 0.5364583333333334 0.0126953125 0.018229166666666668
0 0.41357421875 0.6223958333333334 0.0712890625 0.21354166666666666
0 0.45751953125 0.5859375 0.0341796875 0.09895833333333333
0 0.4873046875 0.5852864583333334 0.0234375 0.09244791666666667
1 0.1142578125 0.8235677083333334 0.228515625 0.3502604166666667
1 0.15185546875 0.6295572916666666 0.3037109375 0.17578125
1 0.669921875 0.580078125 0.076171875 0.06640625
1 0.72607421875 0.5572916666666666 0.0439453125 0.041666666666666664
1 0.79248046875 0.5755208333333334 0.0712890625 0.06510416666666667
