1 0.29638671875 0.9205729166666666 0.1943359375 0.11197916666666667
0 0.1591796875 0.931640625 0.052734375 0.12109375
0 0.17822265625 0.9322916666666666 0.0556640625 0.1328125
0 0.68896484375 0.8203125 0.0146484375 0.0859375
1 0.0595703125 0.91796875 0.119140625 0.11197916666666667
1 0.28369140625 0.84375 0.0888671875 0.03125
1 0.29150390625 0.8528645833333334 0.0966796875 0.018229166666666668
1 0.3642578125 0.8587239583333334 0.052734375 0.053385416666666664
1 0.42919921875 0.8704427083333334 0.1005859375 0.09244791666666667
1 0.4697265625 0.8860677083333334 0.123046875 0.11848958333333333
1 0.5087890625 0.8177083333333334 0.1015625 0.0390625
1 0.5751953125 0.8938802083333334 0.154296875 0.12630208333333334
1 0.9306640625 0.9381510416666666 0.13671875 0.12109375
