0 0.07275390625 0.6397569444444444 0.0537109375 0.22395833333333334
0 0.0341796875 0.6675347222222222 0.048828125 0.13368055555555555
0 0.13671875 0.6223958333333334 0.021484375 0.07118055555555555
0 0.17333984375 0.5607638888888888 0.0205078125 0.15625
1 0.01513671875 0.8289930555555556 0.0166015625 0.05381944444444445
1 0.04443359375 0.8055555555555556 0.0185546875 0.052083333333333336
1 0.3115234375 0.6996527777777778 0.021484375 0.03819444444444445
1 0.37451171875 0.6362847222222222 0.0869140625 0.140625
1 0.384765625 0.6328125 0.03125 0.109375
1 0.4482421875 0.5963541666666666 0.099609375 0.1232638888888889
1 0.4921875 0.5494791666666666 0.037109375 0.03993055555555555
