1 0.46923828125 0.4928571428571429 0.8740234375 0.7228571428571429
0 0.28369140625 0.14214285714285715 0.0458984375 0.11
0 0.32763671875 0.16 0.0205078125 0.07428571428571429
0 0.38671875 0.13857142857142857 0.0234375 0.05142857142857143
0 0.72314453125 0.11928571428571429 0.0185546875 0.06714285714285714
0 0.7822265625 0.16142857142857142 0.041015625 0.08
0 0.814453125 0.1692857142857143 0.046875 0.14714285714285713
0 0.9365234375 0.31642857142857145 0.12109375 0.38142857142857145
1 0.193359375 0.42214285714285715 0.38671875 0.5414285714285715
1 0.478515625 0.18 0.201171875 0.10857142857142857
1 0.9326171875 0.2671428571428571 0.1328125 0.14857142857142858
