0 0.162109375 0.3974025974025974 0.060546875 0.17922077922077922
0 0.2119140625 0.5863636363636363 0.126953125 0.5909090909090909
0 0.35888671875 0.562987012987013 0.1552734375 0.5571428571428572
0 0.38037109375 0.33506493506493507 0.0224609375 0.023376623376623377
0 0.46923828125 0.5584415584415584 0.1318359375 0.5662337662337662
0 0.4267578125 0.33896103896103896 0.01953125 0.025974025974025976
0 0.53076171875 0.3487012987012987 0.0322265625 0.05584415584415584
0 0.56640625 0.5642857142857143 0.1015625 0.4766233766233766
0 0.65673828125 0.5792207792207792 0.1123046875 0.5636363636363636
0 0.62255859375 0.36948051948051946 0.0419921875 0.06623376623376623
0 0.68310546875 0.34675324675324676 0.0244140625 0.023376623376623377
0 0.69287109375 0.34155844155844156 0.0224609375 0.04415584415584416
0 0.75634765625 0.5831168831168831 0.1181640625 0.6103896103896104
0 0.7333984375 0.34415584415584416 0.021484375 0.025974025974025976
0 0.79345703125 0.3512987012987013 0.0185546875 0.014285714285714285
0 0.93310546875 0.40584415584415584 0.0341796875 0.12337662337662338
1 0.01318359375 0.32922077922077925 0.0263671875 0.06883116883116883
1 0.02685546875 0.5201298701298701 0.0537109375 0.18051948051948052
1 0.03955078125 0.33766233766233766 0.0205078125 0.05194805194805195
1 0.080078125 0.3383116883116883 0.052734375 0.045454545454545456
1 0.14990234375 0.39805194805194805 0.0986328125 0.1025974025974026
1 0.2822265625 0.5383116883116883 0.36328125 0.37012987012987014
1 0.8125 0.5603896103896104 0.373046875 0.3987012987012987
1 0.9072265625 0.35584415584415585 0.09375 0.03636363636363636
1 0.96923828125 0.4831168831168831 0.0537109375 0.10909090909090909
1 0.97265625 0.37337662337662336 0.052734375 0.04025974025974026
