0 0.015625 0.24779411764705883 0.03125 0.21911764705882353
0 0.0458984375 0.23602941176470588 0.044921875 0.2161764705882353
0 0.07470703125 0.20073529411764707 0.0224609375 0.09852941176470588
0 0.09619140625 0.19705882352941176 0.0361328125 0.10294117647058823
0 0.10986328125 0.21838235294117647 0.0458984375 0.18088235294117647
0 0.1240234375 0.23161764705882354 0.0625 0.17205882352941176
0 0.15087890625 0.19705882352941176 0.0498046875 0.11764705882352941
0 0.15087890625 0.25441176470588234 0.0322265625 0.10294117647058823
0 0.18017578125 0.2161764705882353 0.0478515625 0.20294117647058824
0 0.21826171875 0.21323529411764705 0.0771484375 0.23529411764705882
0 0.28857421875 0.24338235294117647 0.0576171875 0.26029411764705884
0 0.3447265625 0.21323529411764705 0.044921875 0.18235294117647058
0 0.37451171875 0.20808823529411766 0.0380859375 0.16323529411764706
0 0.37451171875 0.1338235294117647 0.0283203125 0.05
0 0.4150390625 0.22573529411764706 0.056640625 0.2426470588235294
0 0.4580078125 0.27941176470588236 0.06640625 0.26176470588235295
0 0.50927734375 0.2485294117647059 0.0537109375 0.2852941176470588
0 0.54931640625 0.24632352941176472 0.0400390625 0.2426470588235294
0 0.5966796875 0.2647058823529412 0.0625 0.27941176470588236
0 0.6220703125 0.2036764705882353 0.037109375 0.11029411764705882
0 0.66552734375 0.2727941176470588 0.0771484375 0.3014705882352941
0 0.728515625 0.2595588235294118 0.048828125 0.28088235294117647
0 0.724609375 0.1610294117647059 0.015625 0.03676470588235294
0 0.79541015625 0.30367647058823527 0.0673828125 0.43970588235294117
0 0.78662109375 0.14411764705882352 0.0263671875 0.052941176470588235
0 0.84814453125 0.19264705882352942 0.0439453125 0.1588235294117647
0 0.884765625 0.19044117647058822 0.05859375 0.18382352941176472
0 0.9189453125 0.31985294117647056 0.099609375 0.513235294117647
0 0.96142578125 0.14705882352941177 0.0478515625 0.08529411764705883
0 0.978515625 0.24411764705882352 0.041015625 0.29411764705882354
1 0.05029296875 0.7595588235294117 0.1005859375 0.47794117647058826
1 0.4853515625 0.5147058823529411 0.890625 0.4411764705882353
