0 0.10498046875 0.17838541666666666 0.0966796875 0.3489583333333333
0 0.2353515625 0.2584635416666667 0.109375 0.21484375
0 0.2548828125 0.09114583333333333 0.03515625 0.14583333333333334
0 0.29638671875 0.08854166666666667 0.0322265625 0.1328125
0 0.3193359375 0.09375 0.04296875 0.140625
0 0.38134765625 0.103515625 0.0380859375 0.15234375
0 0.41943359375 0.1015625 0.0458984375 0.15625
0 0.4833984375 0.333984375 0.166015625 0.22526041666666666
0 0.4970703125 0.3815104166666667 0.19140625 0.34375
0 0.46240234375 0.09375 0.0361328125 0.12760416666666666
0 0.7587890625 0.2623697916666667 0.193359375 0.5247395833333334
0 0.84765625 0.09309895833333333 0.03515625 0.10546875
0 0.89453125 0.11848958333333333 0.046875 0.1640625
1 0.96826171875 0.19856770833333334 0.0615234375 0.2565104166666667
