0 0.4752604166666667 0.59423828125 0.4739583333333333 0.7373046875
1 0.8463541666666666 0.72119140625 0.2786458333333333 0.2958984375
0 0.10026041666666667 0.58935546875 0.20052083333333334 0.8193359375
0 0.12955729166666666 0.41455078125 0.061197916666666664 0.0478515625
0 0.7721354166666666 0.4892578125 0.09895833333333333 0.21875
1 0.16080729166666666 0.392578125 0.24088541666666666 0.095703125
1 0.15169270833333334 0.35107421875 0.20442708333333334 0.0302734375
1 0.185546875 0.58251953125 0.17317708333333334 0.3037109375
1 0.18489583333333334 0.3388671875 0.15364583333333334 0.015625
1 0.873046875 0.37841796875 0.2513020833333333 0.1494140625
1 0.7994791666666666 0.34619140625 0.0859375 0.0537109375
