1 0.14794921875 0.5930989583333334 0.2880859375 0.3346354166666667
0 0.04638671875 0.4427083333333333 0.0654296875 0.16666666666666666
0 0.1904296875 0.4733072916666667 0.041015625 0.11848958333333333
0 0.21728515625 0.4850260416666667 0.0458984375 0.13671875
0 0.50341796875 0.4837239583333333 0.0556640625 0.13932291666666666
0 0.53466796875 0.5462239583333334 0.0693359375 0.3111979166666667
0 0.57275390625 0.6002604166666666 0.0751953125 0.3515625
0 0.61474609375 0.5325520833333334 0.0419921875 0.2708333333333333
0 0.66552734375 0.5592447916666666 0.0751953125 0.2955729166666667
0 0.71044921875 0.5729166666666666 0.0849609375 0.3125
1 0.4990234375 0.4986979166666667 0.998046875 0.9973958333333334
1 0.18212890625 0.8600260416666666 0.3505859375 0.2747395833333333
