0 0.0732421875 0.404099560761347 0.123046875 0.4333821376281113
0 0.12744140625 0.28038067349926793 0.0400390625 0.08638360175695461
0 0.443359375 0.3579795021961933 0.126953125 0.3411420204978038
0 0.51318359375 0.5512445095168375 0.2041015625 0.493411420204978
0 0.55615234375 0.3140556368960469 0.1123046875 0.232796486090776
0 0.7568359375 0.31478770131771594 0.095703125 0.27232796486090777
0 0.8193359375 0.2964860907759883 0.072265625 0.2240117130307467
1 0.48291015625 0.5988286969253295 0.8837890625 0.4158125915080527
1 0.298828125 0.33162518301610544 0.31640625 0.2796486090775988
1 0.7353515625 0.35431918008784774 0.482421875 0.33382137628111275
