0 0.16748046875 0.4329446064139942 0.2275390625 0.7696793002915452
0 0.359375 0.25801749271137026 0.107421875 0.20699708454810495
0 0.7451171875 0.22959183673469388 0.05078125 0.10349854227405247
0 0.791015625 0.26895043731778423 0.025390625 0.09183673469387756
0 0.82080078125 0.27696793002915454 0.0322265625 0.20699708454810495
0 0.859375 0.303935860058309 0.025390625 0.1326530612244898
0 0.9326171875 0.3673469387755102 0.130859375 0.6443148688046647
1 0.06787109375 0.467201166180758 0.1357421875 0.5524781341107872
1 0.54052734375 0.5692419825072886 0.6513671875 0.6661807580174927
1 0.306640625 0.28717201166180756 0.06640625 0.061224489795918366
