0 0.0771484375 0.5065885797950219 0.083984375 0.6500732064421669
0 0.12158203125 0.5402635431918009 0.1708984375 0.6852122986822841
0 0.24951171875 0.3923865300146413 0.0634765625 0.2518301610541728
0 0.29931640625 0.36749633967789164 0.0517578125 0.2342606149341142
0 0.37060546875 0.3213762811127379 0.0244140625 0.10980966325036604
0 0.38330078125 0.3294289897510981 0.0341796875 0.07613469985358712
0 0.41748046875 0.29428989751098095 0.0302734375 0.11420204978038068
0 0.46484375 0.31478770131771594 0.025390625 0.07906295754026355
0 0.58056640625 0.29062957540263545 0.0654296875 0.0951683748169839
0 0.81201171875 0.5710102489019033 0.1611328125 0.746705710102489
0 0.95263671875 0.3528550512445095 0.0869140625 0.3103953147877013
1 0.4658203125 0.6105417276720352 0.6640625 0.7759882869692533
