0 0.056640625 0.24963289280469897 0.09375 0.3935389133627019
0 0.10693359375 0.20631424375917767 0.0517578125 0.19236417033773862
0 0.373046875 0.19309838472834068 0.05078125 0.23348017621145375
0 0.42138671875 0.15565345080763582 0.0576171875 0.1145374449339207
0 0.462890625 0.15345080763582966 0.03515625 0.11013215859030837
0 0.53564453125 0.14317180616740088 0.0244140625 0.11600587371512482
0 0.5673828125 0.13729809104258445 0.03125 0.08957415565345081
0 0.591796875 0.12481644640234948 0.03515625 0.09985315712187959
0 0.62451171875 0.16299559471365638 0.0595703125 0.09985315712187959
0 0.64306640625 0.11233480176211454 0.0244140625 0.08076358296622614
0 0.63720703125 0.10719530102790015 0.0107421875 0.049926578560939794
1 0.4677734375 0.5925110132158591 0.845703125 0.762114537444934
