0 0.724609375 0.85498046875 0.3372395833333333 0.2705078125
1 0.3606770833333333 0.44091796875 0.2552083333333333 0.1240234375
0 0.06640625 0.712890625 0.13020833333333334 0.572265625
0 0.15104166666666666 0.53662109375 0.13802083333333334 0.1435546875
0 0.2643229166666667 0.76953125 0.3463541666666667 0.458984375
0 0.18815104166666666 0.46630859375 0.06380208333333333 0.0615234375
0 0.353515625 0.73876953125 0.17578125 0.2431640625
0 0.4348958333333333 0.828125 0.3385416666666667 0.341796875
0 0.3177083333333333 0.578125 0.0625 0.08984375
1 0.07161458333333333 0.37451171875 0.03125 0.0341796875
1 0.11328125 0.3857421875 0.03125 0.033203125
1 0.14518229166666666 0.392578125 0.055989583333333336 0.046875
1 0.251953125 0.40234375 0.06901041666666667 0.05859375
1 0.8704427083333334 0.52197265625 0.2565104166666667 0.2119140625
