0 0.37158203125 0.567699836867863 0.0400390625 0.20228384991843393
1 0.8125 0.7185970636215334 0.373046875 0.32137030995106036
0 0.43310546875 0.733278955954323 0.1298828125 0.46166394779771613
0 0.43701171875 0.5146818923327896 0.0498046875 0.0929853181076672
0 0.494140625 0.433931484502447 0.0078125 0.05872756933115824
0 0.51025390625 0.43066884176182707 0.0068359375 0.048939641109298535
0 0.5146484375 0.433931484502447 0.015625 0.05546492659053834
0 0.51953125 0.43230016313213704 0.015625 0.05546492659053834
0 0.53955078125 0.4363784665579119 0.0087890625 0.0636215334420881
0 0.658203125 0.6590538336052202 0.10546875 0.3262642740619902
0 0.72119140625 0.5538336052202284 0.0400390625 0.16150081566068517
0 0.8037109375 0.5122349102773246 0.01953125 0.052202283849918436
1 0.1396484375 0.6101141924959217 0.234375 0.1761827079934747
