0 0.48828125 0.55224609375 0.07291666666666667 0.2021484375
0 0.6373697916666666 0.5498046875 0.11588541666666667 0.193359375
0 0.7727864583333334 0.7900390625 0.3606770833333333 0.41796875
0 0.6998697916666666 0.4833984375 0.06380208333333333 0.134765625
0 0.982421875 0.47705078125 0.032552083333333336 0.1025390625
1 0.16276041666666666 0.51220703125 0.3255208333333333 0.1513671875
1 0.107421875 0.43896484375 0.10546875 0.0419921875
1 0.3411458333333333 0.44775390625 0.125 0.0732421875
1 0.4791666666666667 0.44873046875 0.11458333333333333 0.0556640625
1 0.5924479166666666 0.44091796875 0.10416666666666667 0.0458984375
