1 0.5166015625 0.558282208588957 0.169921875 0.2085889570552147
0 0.138671875 0.5467791411042945 0.015625 0.07822085889570553
0 0.15625 0.5460122699386503 0.02734375 0.11349693251533742
0 0.18017578125 0.5559815950920245 0.0166015625 0.07822085889570553
0 0.21484375 0.5529141104294478 0.017578125 0.07208588957055215
0 0.2548828125 0.5506134969325154 0.021484375 0.07668711656441718
0 0.27197265625 0.5498466257668712 0.0126953125 0.07515337423312883
0 0.2998046875 0.5506134969325154 0.013671875 0.05828220858895705
0 0.31884765625 0.5406441717791411 0.0107421875 0.04754601226993865
0 0.40234375 0.5322085889570553 0.015625 0.03374233128834356
0 0.5908203125 0.5628834355828221 0.017578125 0.12576687116564417
0 0.60986328125 0.5567484662576687 0.0224609375 0.15030674846625766
0 0.70703125 0.5529141104294478 0.04296875 0.2223926380368098
0 0.7392578125 0.5498466257668712 0.03515625 0.21319018404907975
0 0.84130859375 0.5559815950920245 0.0478515625 0.23773006134969324
0 0.8955078125 0.5690184049079755 0.0390625 0.22392638036809817
0 0.9482421875 0.5720858895705522 0.037109375 0.2331288343558282
0 0.95849609375 0.5605828220858896 0.0458984375 0.25
