0 0.77392578125 0.6123348017621145 0.1748046875 0.6226138032305433
0 0.0537109375 0.6901615271659325 0.107421875 0.6167400881057269
0 0.068359375 0.5007342143906021 0.13671875 0.4052863436123348
0 0.18798828125 0.47944199706314244 0.1279296875 0.36270190895741555
0 0.47900390625 0.526431718061674 0.1611328125 0.42143906020558003
0 0.56982421875 0.4052863436123348 0.0537109375 0.23201174743024963
0 0.64794921875 0.37151248164464024 0.0673828125 0.19383259911894274
0 0.86572265625 0.33847283406754775 0.0380859375 0.05726872246696035
0 0.921875 0.3377386196769457 0.03515625 0.07929515418502203
0 0.96142578125 0.3311306901615272 0.0244140625 0.05726872246696035
1 0.15234375 0.3744493392070485 0.029296875 0.01762114537444934
1 0.22802734375 0.3751835535976505 0.0126953125 0.013215859030837005
1 0.2373046875 0.36490455212922174 0.025390625 0.01908957415565345
1 0.388671875 0.3399412628487518 0.0234375 0.010279001468428781
1 0.40869140625 0.35462555066079293 0.0224609375 0.013215859030837005
1 0.41259765625 0.35829662261380324 0.0205078125 0.014684287812041116
1 0.42529296875 0.3443465491923642 0.0166015625 0.016152716593245228
1 0.44091796875 0.355359765051395 0.0322265625 0.020558002936857563
1 0.68603515625 0.34508076358296624 0.0302734375 0.020558002936857563
