1 0.60595703125 0.873046875 0.2900390625 0.22526041666666666
0 0.1171875 0.7552083333333334 0.052734375 0.09114583333333333
0 0.224609375 0.8639322916666666 0.06640625 0.26953125
0 0.26513671875 0.70703125 0.0146484375 0.0234375
0 0.42919921875 0.74609375 0.0263671875 0.044270833333333336
0 0.505859375 0.7330729166666666 0.025390625 0.033854166666666664
0 0.56201171875 0.8346354166666666 0.0341796875 0.036458333333333336
0 0.66064453125 0.82421875 0.0498046875 0.06770833333333333
0 0.9716796875 0.8587239583333334 0.048828125 0.09765625
1 0.07275390625 0.873046875 0.1455078125 0.2513020833333333
1 0.1748046875 0.814453125 0.076171875 0.16796875
1 0.158203125 0.64453125 0.033203125 0.057291666666666664
1 0.25048828125 0.8001302083333334 0.0791015625 0.17578125
1 0.2412109375 0.6373697916666666 0.044921875 0.06380208333333333
1 0.462890625 0.80078125 0.21875 0.21354166666666666
1 0.845703125 0.873046875 0.306640625 0.2513020833333333
1 0.97119140625 0.931640625 0.0537109375 0.13411458333333334
