0 0.48095703125 0.6614583333333334 0.0712890625 0.17447916666666666
1 0.27734375 0.6315104166666666 0.009765625 0.013020833333333334
1 0.31494140625 0.6282552083333334 0.0712890625 0.048177083333333336
1 0.36181640625 0.6256510416666666 0.0322265625 0.02734375
1 0.41796875 0.62109375 0.013671875 0.015625
1 0.51513671875 0.6223958333333334 0.0107421875 0.010416666666666666
1 0.68896484375 0.6171875 0.0185546875 0.020833333333333332
1 0.74755859375 0.625 0.0107421875 0.026041666666666668
1 0.763671875 0.6145833333333334 0.03515625 0.015625
1 0.76416015625 0.63671875 0.0361328125 0.046875
1 0.7841796875 0.640625 0.052734375 0.0546875
