1 0.78515625 0.4453125 0.400390625 0.19791666666666666
0 0.0263671875 0.3385416666666667 0.05078125 0.0859375
0 0.09814453125 0.37109375 0.0361328125 0.11197916666666667
0 0.4111328125 0.3795572916666667 0.052734375 0.10807291666666667
0 0.4306640625 0.3665364583333333 0.03515625 0.10026041666666667
0 0.51318359375 0.478515625 0.1630859375 0.4361979166666667
0 0.447265625 0.390625 0.017578125 0.0625
1 0.03369140625 0.4322916666666667 0.0673828125 0.14583333333333334
1 0.49267578125 0.3697916666666667 0.0439453125 0.07291666666666667
1 0.6220703125 0.369140625 0.029296875 0.045572916666666664
1 0.68212890625 0.3841145833333333 0.0927734375 0.059895833333333336
