1 0.1591796875 0.8726207906295754 0.318359375 0.24890190336749635
0 0.04931640625 0.7796486090775988 0.0224609375 0.10395314787701318
0 0.12548828125 0.726207906295754 0.0146484375 0.07906295754026355
0 0.14501953125 0.7144948755490483 0.0048828125 0.014641288433382138
0 0.775390625 0.8418740849194729 0.09765625 0.31332357247437775
0 0.86767578125 0.863103953147877 0.0966796875 0.2708638360175695
0 0.88330078125 0.7679355783308931 0.0244140625 0.08638360175695461
0 0.91552734375 0.7642752562225475 0.0224609375 0.0849194729136164
0 0.93994140625 0.7752562225475842 0.0263671875 0.08345534407027819
0 0.974609375 0.7789165446559297 0.029296875 0.09077598828696926
1 0.2626953125 0.8001464128843339 0.1953125 0.09809663250366032
