0 0.16064453125 0.6477864583333334 0.2041015625 0.5143229166666666
0 0.02001953125 0.4075520833333333 0.0341796875 0.23958333333333334
0 0.06787109375 0.4303385416666667 0.0458984375 0.21223958333333334
0 0.29150390625 0.5364583333333334 0.2080078125 0.3385416666666667
0 0.51220703125 0.4720052083333333 0.2353515625 0.3424479166666667
0 0.689453125 0.4069010416666667 0.03125 0.14192708333333334
0 0.82568359375 0.7298177083333334 0.2587890625 0.53515625
0 0.88134765625 0.58203125 0.0869140625 0.20052083333333334
1 0.7578125 0.38671875 0.037109375 0.044270833333333336
1 0.8154296875 0.3899739583333333 0.0546875 0.053385416666666664
1 0.9091796875 0.513671875 0.1796875 0.21223958333333334
1 0.84375 0.388671875 0.04296875 0.061197916666666664
1 0.94970703125 0.6888020833333334 0.0986328125 0.3333333333333333
