0 0.14599609375 0.5006510416666666 0.0263671875 0.04296875
0 0.4365234375 0.5787760416666666 0.080078125 0.30859375
0 0.51416015625 0.5755208333333334 0.0634765625 0.2916666666666667
1 0.08154296875 0.7350260416666666 0.1630859375 0.52734375
1 0.17236328125 0.5390625 0.3173828125 0.19010416666666666
1 0.3173828125 0.5032552083333334 0.10546875 0.12369791666666667
1 0.369140625 0.484375 0.048828125 0.08072916666666667
1 0.4404296875 0.4739583333333333 0.0703125 0.08854166666666667
1 0.6572265625 0.470703125 0.119140625 0.07421875
1 0.70263671875 0.5390625 0.1005859375 0.15104166666666666
1 0.83154296875 0.5501302083333334 0.2197265625 0.27734375
