0 0.56396484375 0.7767605633802817 0.1552734375 0.3084507042253521
0 0.2939453125 0.6873239436619718 0.017578125 0.05352112676056338
0 0.31591796875 0.7056338028169014 0.0283203125 0.07605633802816901
0 0.34326171875 0.6577464788732394 0.0244140625 0.07323943661971831
0 0.4326171875 0.6936619718309859 0.09765625 0.223943661971831
0 0.70849609375 0.6443661971830986 0.0283203125 0.07464788732394366
1 0.0869140625 0.6866197183098591 0.16796875 0.08591549295774648
1 0.2314453125 0.676056338028169 0.12109375 0.08732394366197183
1 0.28955078125 0.6922535211267605 0.1103515625 0.07746478873239436
1 0.35595703125 0.706338028169014 0.0791015625 0.13661971830985917
