0 0.298828125 0.3723958333333333 0.091796875 0.2942708333333333
0 0.1826171875 0.2805989583333333 0.068359375 0.15755208333333334
0 0.21923828125 0.275390625 0.0400390625 0.14973958333333334
0 0.32666015625 0.20833333333333334 0.0185546875 0.057291666666666664
0 0.3935546875 0.35546875 0.08984375 0.125
0 0.3828125 0.21875 0.015625 0.07291666666666667
0 0.42578125 0.21158854166666666 0.025390625 0.07161458333333333
0 0.47705078125 0.21028645833333334 0.0244140625 0.07161458333333333
0 0.4990234375 0.240234375 0.029296875 0.13411458333333334
0 0.6689453125 0.2545572916666667 0.05078125 0.14713541666666666
0 0.7490234375 0.2578125 0.064453125 0.203125
0 0.9482421875 0.3255208333333333 0.099609375 0.3072916666666667
1 0.109375 0.4765625 0.21875 0.421875
