1 0.1298828125 0.8541055718475073 0.259765625 0.28885630498533726
0 0.333984375 0.7961876832844574 0.052734375 0.31671554252199413
0 0.38623046875 0.751466275659824 0.1162109375 0.4941348973607038
0 0.50048828125 0.8269794721407625 0.1103515625 0.34310850439882695
0 0.5927734375 0.8218475073313783 0.1015625 0.32697947214076245
0 0.6513671875 0.8108504398826979 0.046875 0.2756598240469208
0 0.7353515625 0.8196480938416423 0.06640625 0.2727272727272727
0 0.80517578125 0.7961876832844574 0.0771484375 0.24633431085043989
0 0.923828125 0.782258064516129 0.048828125 0.2595307917888563
1 0.5322265625 0.8013196480938416 0.23046875 0.2565982404692082
1 0.7138671875 0.8101173020527859 0.10546875 0.1598240469208211
1 0.8974609375 0.7917888563049853 0.0390625 0.05278592375366569
