0 0.4248046875 0.5368589743589743 0.052734375 0.375
1 0.85400390625 0.5528846153846154 0.1767578125 0.2980769230769231
0 0.1181640625 0.5576923076923077 0.041015625 0.32051282051282054
0 0.150390625 0.5625 0.03515625 0.32371794871794873
0 0.25439453125 0.5673076923076923 0.0380859375 0.3269230769230769
0 0.455078125 0.5352564102564102 0.0234375 0.3269230769230769
0 0.50439453125 0.5496794871794872 0.0322265625 0.30448717948717946
0 0.5146484375 0.5689102564102564 0.05078125 0.30448717948717946
0 0.60888671875 0.5544871794871795 0.0458984375 0.3076923076923077
0 0.79052734375 0.5512820512820513 0.0205078125 0.27564102564102566
0 0.8037109375 0.5673076923076923 0.0234375 0.3269230769230769
0 0.845703125 0.5785256410256411 0.03515625 0.30448717948717946
0 0.88525390625 0.594551282051282 0.0439453125 0.2916666666666667
1 0.171875 0.5336538461538461 0.24609375 0.375
1 0.49658203125 0.5448717948717948 0.2216796875 0.32051282051282054
