0 0.77734375 0.2109375 0.048828125 0.140625
1 0.45361328125 0.4001736111111111 0.3662109375 0.7204861111111112
0 0.2060546875 0.7222222222222222 0.33984375 0.2465277777777778
0 0.51318359375 0.8072916666666666 0.4169921875 0.3819444444444444
0 0.72802734375 0.20833333333333334 0.0439453125 0.1423611111111111
0 0.90283203125 0.22395833333333334 0.0263671875 0.0798611111111111
0 0.9697265625 0.2482638888888889 0.05859375 0.10069444444444445
1 0.14013671875 0.2534722222222222 0.1416015625 0.1388888888888889
1 0.224609375 0.2543402777777778 0.08984375 0.10243055555555555
1 0.26806640625 0.24479166666666666 0.0439453125 0.0763888888888889
1 0.28125 0.2604166666666667 0.0234375 0.04861111111111111
1 0.58203125 0.1996527777777778 0.04296875 0.03819444444444445
1 0.7529296875 0.23177083333333334 0.23828125 0.11284722222222222
1 0.8984375 0.2092013888888889 0.076171875 0.11284722222222222
1 0.94140625 0.2126736111111111 0.0234375 0.07465277777777778
