0 0.361328125 0.4895833333333333 0.08984375 0.4166666666666667
1 0.79296875 0.5358072916666666 0.31640625 0.21223958333333334
0 0.25390625 0.4778645833333333 0.025390625 0.059895833333333336
0 0.28369140625 0.4921875 0.0341796875 0.11979166666666667
0 0.3095703125 0.4720052083333333 0.01953125 0.061197916666666664
0 0.32275390625 0.4908854166666667 0.0126953125 0.0859375
0 0.4853515625 0.4947916666666667 0.048828125 0.1484375
0 0.609375 0.525390625 0.0859375 0.18359375
0 0.9638671875 0.5709635416666666 0.0703125 0.3216145833333333
1 0.1494140625 0.5833333333333334 0.27734375 0.2630208333333333
1 0.4365234375 0.4889322916666667 0.0546875 0.07421875
1 0.4208984375 0.4811197916666667 0.021484375 0.040364583333333336
1 0.53515625 0.498046875 0.10546875 0.10807291666666667
