0 0.62890625 0.15 0.076171875 0.2411764705882353
1 0.580078125 0.4727941176470588 0.720703125 0.5161764705882353
0 0.02880859375 0.02426470588235294 0.0244140625 0.04852941176470588
0 0.03857421875 0.03823529411764706 0.0283203125 0.03235294117647059
0 0.0634765625 0.025735294117647058 0.02734375 0.051470588235294115
0 0.2353515625 0.01838235294117647 0.01953125 0.03676470588235294
0 0.3271484375 0.057352941176470586 0.04296875 0.09117647058823529
0 0.41796875 0.2139705882352941 0.05859375 0.2897058823529412
0 0.43896484375 0.013235294117647059 0.0126953125 0.026470588235294117
0 0.48974609375 0.014705882352941176 0.0205078125 0.029411764705882353
0 0.57470703125 0.013235294117647059 0.0166015625 0.026470588235294117
0 0.63427734375 0.31029411764705883 0.0810546875 0.1264705882352941
0 0.64794921875 0.008088235294117648 0.0185546875 0.016176470588235296
0 0.6806640625 0.0058823529411764705 0.01953125 0.011764705882352941
0 0.7763671875 0.008823529411764706 0.021484375 0.01764705882352941
0 0.90283203125 0.14926470588235294 0.1103515625 0.2867647058823529
0 0.91357421875 0.1463235294117647 0.1220703125 0.2838235294117647
0 0.97607421875 0.09558823529411764 0.0458984375 0.17941176470588235
0 0.98291015625 0.051470588235294115 0.0322265625 0.10294117647058823
1 0.03466796875 0.2786764705882353 0.0693359375 0.14558823529411766
