0 0.2529296875 0.3001302083333333 0.138671875 0.24869791666666666
0 0.4599609375 0.4694010416666667 0.26953125 0.7643229166666666
0 0.751953125 0.4954427083333333 0.494140625 0.9518229166666666
0 0.72314453125 0.5045572916666666 0.3642578125 0.8606770833333334
0 0.91064453125 0.2819010416666667 0.0419921875 0.13411458333333334
1 0.0322265625 0.2734375 0.064453125 0.0859375
1 0.49951171875 0.7076822916666666 0.9990234375 0.58203125
1 0.08984375 0.275390625 0.09375 0.06901041666666667
1 0.1748046875 0.2786458333333333 0.115234375 0.0625
1 0.20458984375 0.24479166666666666 0.0654296875 0.041666666666666664
