0 0.11669921875 0.609809663250366 0.0751953125 0.4055636896046852
0 0.01513671875 0.46925329428989754 0.0283203125 0.06881405563689605
0 0.1396484375 0.4868228404099561 0.025390625 0.13323572474377746
0 0.1689453125 0.48755490483162517 0.033203125 0.13177159590043924
0 0.19677734375 0.5036603221083455 0.0322265625 0.17862371888726208
0 0.22607421875 0.5190336749633968 0.0439453125 0.20351390922401172
0 0.23876953125 0.4970717423133236 0.0185546875 0.18594436310395315
0 0.2685546875 0.5029282576866764 0.0390625 0.22986822840409957
0 0.3251953125 0.5212298682284041 0.05078125 0.2342606149341142
0 0.4697265625 0.445095168374817 0.048828125 0.1259150805270864
0 0.54541015625 0.5461200585651538 0.0751953125 0.3162518301610542
1 0.46728515625 0.5051244509516838 0.3388671875 0.22840409956076135
1 0.6455078125 0.4985358711566618 0.533203125 0.34992679355783307
