0 0.7509765625 0.3988355167394469 0.146484375 0.5211062590975255
1 0.29541015625 0.462882096069869 0.3916015625 0.5822416302765647
0 0.16259765625 0.2954876273653566 0.0556640625 0.16302765647743814
0 0.345703125 0.7940320232896652 0.25 0.39446870451237265
0 0.50341796875 0.39082969432314413 0.0908203125 0.3333333333333333
0 0.50244140625 0.22125181950509462 0.0361328125 0.10771470160116449
0 0.58740234375 0.4315866084425036 0.1298828125 0.537117903930131
0 0.87939453125 0.6018922852983989 0.1728515625 0.7409024745269287
0 0.880859375 0.2314410480349345 0.123046875 0.21542940320232898
1 0.02685546875 0.3457059679767103 0.0537109375 0.13828238719068414
1 0.03955078125 0.302037845705968 0.0791015625 0.08296943231441048
1 0.06640625 0.28457059679767105 0.046875 0.05967976710334789
1 0.353515625 0.2627365356622999 0.15234375 0.1819505094614265
