0 0.8857421875 0.6358296622613803 0.11328125 0.3700440528634361
0 0.0439453125 0.6270190895741556 0.087890625 0.4287812041116006
0 0.30517578125 0.5558002936857562 0.1455078125 0.3803230543318649
0 0.4326171875 0.6240822320117474 0.140625 0.29955947136563876
0 0.568359375 0.6277533039647577 0.11328125 0.3656387665198238
0 0.63818359375 0.6483113069016153 0.1318359375 0.31277533039647576
0 0.94775390625 0.5286343612334802 0.0517578125 0.18208516886930984
1 0.34423828125 0.49265785609397944 0.2900390625 0.13656387665198239
1 0.37939453125 0.49265785609397944 0.1494140625 0.19236417033773862
1 0.4951171875 0.4933920704845815 0.13671875 0.10572687224669604
1 0.474609375 0.4265785609397944 0.078125 0.027900146842878122
1 0.50732421875 0.45741556534508077 0.0849609375 0.048458149779735685
1 0.68701171875 0.48751835535976507 0.1630859375 0.14096916299559473
1 0.7607421875 0.5433186490455213 0.171875 0.2055800293685756
1 0.81689453125 0.4566813509544787 0.0869140625 0.04405286343612335
1 0.8984375 0.4500734214390602 0.0625 0.030837004405286344
1 0.9619140625 0.4544787077826725 0.064453125 0.039647577092511016
