0 0.494140625 0.3170572916666667 0.125 0.51953125
1 0.25732421875 0.6822916666666666 0.1396484375 0.171875
0 0.0478515625 0.6419270833333334 0.021484375 0.12239583333333333
0 0.1005859375 0.64453125 0.03515625 0.125
0 0.140625 0.3697916666666667 0.078125 0.18489583333333334
0 0.2763671875 0.69140625 0.06640625 0.19270833333333334
0 0.3388671875 0.6783854166666666 0.015625 0.08072916666666667
0 0.40478515625 0.3483072916666667 0.0908203125 0.2721354166666667
0 0.44921875 0.4296875 0.03125 0.0546875
0 0.69140625 0.3444010416666667 0.0546875 0.08203125
