0 0.00927734375 0.498046875 0.0185546875 0.18098958333333334
0 0.0576171875 0.5423177083333334 0.087890625 0.30859375
0 0.10498046875 0.4928385416666667 0.0654296875 0.20442708333333334
0 0.181640625 0.4934895833333333 0.046875 0.1640625
0 0.21728515625 0.4915364583333333 0.0341796875 0.16015625
0 0.3232421875 0.509765625 0.03515625 0.23828125
0 0.55810546875 0.48046875 0.0400390625 0.057291666666666664
0 0.5615234375 0.515625 0.041015625 0.13802083333333334
0 0.62939453125 0.4830729166666667 0.0419921875 0.16145833333333334
0 0.66650390625 0.4544270833333333 0.0380859375 0.07552083333333333
0 0.67041015625 0.4576822916666667 0.0439453125 0.11067708333333333
0 0.8955078125 0.4205729166666667 0.072265625 0.15625
0 0.96533203125 0.4772135416666667 0.0400390625 0.13671875
0 0.98046875 0.419921875 0.037109375 0.3372395833333333
1 0.5908203125 0.515625 0.154296875 0.12760416666666666
1 0.75244140625 0.4954427083333333 0.2216796875 0.11588541666666667
1 0.93310546875 0.4934895833333333 0.0283203125 0.0625
1 0.9462890625 0.4720052083333333 0.015625 0.032552083333333336
