0 0.38134765625 0.5851528384279476 0.0751953125 0.3726346433770015
0 0.23583984375 0.5946142649199417 0.0947265625 0.4002911208151383
0 0.322265625 0.598981077147016 0.056640625 0.33624454148471616
0 0.43701171875 0.4519650655021834 0.0205078125 0.12372634643377002
0 0.4560546875 0.4745269286754003 0.03515625 0.1950509461426492
0 0.49365234375 0.4759825327510917 0.0361328125 0.16885007278020378
0 0.53466796875 0.46943231441048033 0.0244140625 0.1848617176128093
0 0.5595703125 0.5232896652110626 0.05078125 0.22852983988355166
0 0.57861328125 0.4810771470160116 0.0302734375 0.17903930131004367
0 0.63671875 0.49199417758369723 0.044921875 0.20087336244541484
0 0.6484375 0.46142649199417757 0.017578125 0.14556040756914118
1 0.29052734375 0.5262008733624454 0.3330078125 0.1965065502183406
1 0.97509765625 0.4090247452692867 0.0478515625 0.08442503639010189
