0 0.75 0.15712187958883994 0.076171875 0.1027900146842878
1 0.44775390625 0.5565345080763583 0.8212890625 0.8223201174743024
0 0.02587890625 0.17914831130690162 0.0126953125 0.01762114537444934
0 0.04736328125 0.17988252569750368 0.0146484375 0.016152716593245228
0 0.19921875 0.1395007342143906 0.044921875 0.08516886930983847
0 0.30419921875 0.07195301027900147 0.0361328125 0.07342143906020558
0 0.84228515625 0.14317180616740088 0.0263671875 0.05726872246696035
1 0.11083984375 0.26138032305433184 0.2197265625 0.14390602055800295
1 0.2265625 0.4067547723935389 0.447265625 0.4698972099853157
1 0.88134765625 0.6776798825256976 0.2353515625 0.6417033773861968
