0 0.06884765625 0.4469135802469136 0.0869140625 0.37037037037037035
1 0.77392578125 0.562962962962963 0.4267578125 0.41975308641975306
0 0.376953125 0.5333333333333333 0.1328125 0.43209876543209874
0 0.53857421875 0.5549382716049382 0.2177734375 0.5148148148148148
0 0.474609375 0.44938271604938274 0.068359375 0.2518518518518518
0 0.57275390625 0.37407407407407406 0.0185546875 0.06172839506172839
0 0.578125 0.3333333333333333 0.0078125 0.024691358024691357
0 0.58935546875 0.38271604938271603 0.0224609375 0.10617283950617284
0 0.60986328125 0.37839506172839504 0.0126953125 0.09259259259259259
0 0.63330078125 0.39753086419753086 0.0478515625 0.1259259259259259
0 0.64013671875 0.36234567901234566 0.0146484375 0.050617283950617285
0 0.65576171875 0.3888888888888889 0.0244140625 0.1037037037037037
0 0.67333984375 0.38271604938271603 0.0244140625 0.10123456790123457
0 0.69189453125 0.3728395061728395 0.0283203125 0.10123456790123457
0 0.7080078125 0.37530864197530867 0.017578125 0.09135802469135802
0 0.7197265625 0.37530864197530867 0.03125 0.07654320987654321
0 0.7421875 0.35 0.029296875 0.05802469135802469
0 0.763671875 0.358641975308642 0.01953125 0.04567901234567901
0 0.76318359375 0.32407407407407407 0.0107421875 0.025925925925925925
0 0.7841796875 0.3506172839506173 0.021484375 0.04691358024691358
0 0.802734375 0.3506172839506173 0.03515625 0.04938271604938271
