0 0.01708984375 0.22005208333333334 0.0341796875 0.0703125
0 0.01904296875 0.2506510416666667 0.0380859375 0.12890625
0 0.0576171875 0.26953125 0.115234375 0.1953125
0 0.1103515625 0.21940104166666666 0.05078125 0.040364583333333336
0 0.16015625 0.21809895833333334 0.03125 0.048177083333333336
0 0.224609375 0.22330729166666666 0.037109375 0.08723958333333333
0 0.26806640625 0.19921875 0.0478515625 0.052083333333333336
0 0.3115234375 0.201171875 0.03125 0.040364583333333336
0 0.322265625 0.267578125 0.044921875 0.06901041666666667
0 0.34326171875 0.21744791666666666 0.0322265625 0.07552083333333333
0 0.36181640625 0.20963541666666666 0.0263671875 0.06510416666666667
0 0.40576171875 0.20768229166666666 0.0439453125 0.04296875
0 0.4384765625 0.236328125 0.044921875 0.14453125
0 0.47216796875 0.236328125 0.0400390625 0.17317708333333334
0 0.62646484375 0.240234375 0.0205078125 0.032552083333333336
0 0.64013671875 0.21484375 0.0146484375 0.036458333333333336
0 0.72509765625 0.21223958333333334 0.1005859375 0.1015625
0 0.74267578125 0.23763020833333334 0.0458984375 0.05859375
0 0.74951171875 0.20572916666666666 0.0458984375 0.08854166666666667
0 0.82568359375 0.20703125 0.0341796875 0.0546875
1 0.1572265625 0.2845052083333333 0.314453125 0.15494791666666666
1 0.27587890625 0.458984375 0.5517578125 0.4075520833333333
1 0.80419921875 0.25390625 0.0849609375 0.109375
1 0.9462890625 0.2565104166666667 0.10546875 0.11979166666666667
