1 0.4423828125 0.5078125 0.72265625 0.6822916666666666
0 0.0654296875 0.14713541666666666 0.072265625 0.125
0 0.13671875 0.19205729166666666 0.05859375 0.15755208333333334
0 0.21484375 0.22005208333333334 0.134765625 0.40625
0 0.38330078125 0.18229166666666666 0.0361328125 0.13541666666666666
0 0.443359375 0.138671875 0.025390625 0.06640625
0 0.47314453125 0.14453125 0.0224609375 0.0390625
0 0.80078125 0.189453125 0.033203125 0.12890625
0 0.8388671875 0.185546875 0.037109375 0.13151041666666666
1 0.12353515625 0.3352864583333333 0.2412109375 0.30859375
1 0.3935546875 0.10677083333333333 0.0625 0.06510416666666667
1 0.44140625 0.10481770833333333 0.0703125 0.061197916666666664
1 0.50537109375 0.1015625 0.0830078125 0.052083333333333336
1 0.55517578125 0.10677083333333333 0.0654296875 0.0625
1 0.681640625 0.10416666666666667 0.0625 0.06770833333333333
1 0.78369140625 0.1953125 0.0947265625 0.078125
1 0.7958984375 0.095703125 0.060546875 0.03515625
1 0.85791015625 0.0859375 0.0361328125 0.03125
1 0.8857421875 0.20247395833333334 0.083984375 0.07421875
