0 0.01318359375 0.5301027900146843 0.0263671875 0.14390602055800295
0 0.03271484375 0.5256975036710719 0.0458984375 0.14684287812041116
0 0.06640625 0.4897209985315712 0.033203125 0.06607929515418502
0 0.28466796875 0.5036710719530103 0.0478515625 0.09691629955947137
0 0.3154296875 0.5124816446402349 0.041015625 0.09397944199706314
0 0.53466796875 0.5044052863436124 0.0205078125 0.08957415565345081
0 0.55224609375 0.5066079295154186 0.0166015625 0.09397944199706314
0 0.6015625 0.6071953010279001 0.056640625 0.048458149779735685
0 0.58740234375 0.5014684287812041 0.0263671875 0.08663729809104258
0 0.61279296875 0.4985315712187959 0.0205078125 0.08076358296622614
0 0.642578125 0.5066079295154186 0.03515625 0.07342143906020558
0 0.66748046875 0.4955947136563877 0.0244140625 0.08663729809104258
0 0.69287109375 0.4948604992657856 0.0224609375 0.08516886930983847
0 0.8486328125 0.7312775330396476 0.08203125 0.2643171806167401
0 0.85546875 0.4750367107195301 0.009765625 0.030837004405286344
0 0.8955078125 0.748898678414097 0.072265625 0.27606461086637296
0 0.86865234375 0.47577092511013214 0.0087890625 0.02643171806167401
0 0.90869140625 0.5638766519823789 0.0537109375 0.07048458149779736
0 0.8876953125 0.47723935389133626 0.009765625 0.02643171806167401
0 0.978515625 0.7562408223201175 0.041015625 0.2701908957415565
1 0.62060546875 0.6798825256975036 0.5126953125 0.2936857562408223
1 0.86669921875 0.5044052863436124 0.0869140625 0.06607929515418502
