0 0.02783203125 0.5204978038067349 0.0556640625 0.23865300146412885
0 0.0673828125 0.5790629575402635 0.09765625 0.2562225475841874
0 0.08544921875 0.5344070278184481 0.0615234375 0.22547584187408493
0 0.09521484375 0.4575402635431918 0.0498046875 0.17423133235724744
0 0.15283203125 0.5336749633967789 0.0712890625 0.27379209370424595
0 0.13525390625 0.465592972181552 0.0244140625 0.12884333821376281
0 0.23095703125 0.6354319180087847 0.2158203125 0.5300146412884333
0 0.29931640625 0.6251830161054173 0.1591796875 0.5300146412884333
0 0.39501953125 0.5461200585651538 0.0576171875 0.404099560761347
0 0.548828125 0.6288433382137628 0.068359375 0.43191800878477304
0 0.59716796875 0.5585651537335286 0.0810546875 0.5373352855051244
0 0.7177734375 0.5592972181551976 0.078125 0.5446559297218155
0 0.77587890625 0.6303074670571011 0.1806640625 0.7335285505124451
0 0.8212890625 0.5783308931185944 0.0703125 0.4685212298682284
0 0.873046875 0.5592972181551976 0.076171875 0.527086383601757
0 0.974609375 0.5043923865300146 0.048828125 0.5519765739385066
1 0.12646484375 0.794289897510981 0.2529296875 0.3616398243045388
