0 0.12255859375 0.6383601756954612 0.0205078125 0.017569546120058566
0 0.423828125 0.6317715959004392 0.05078125 0.20937042459736457
0 0.587890625 0.6171303074670571 0.017578125 0.13323572474377746
0 0.60400390625 0.609809663250366 0.0205078125 0.15373352855051245
0 0.6142578125 0.6420204978038068 0.03515625 0.20644216691068815
0 0.60986328125 0.5541727672035139 0.0087890625 0.03367496339677892
0 0.63330078125 0.6500732064421669 0.0380859375 0.20497803806734993
0 0.6708984375 0.7708638360175696 0.080078125 0.3323572474377745
0 0.697265625 0.6317715959004392 0.02734375 0.10980966325036604
0 0.70703125 0.6464128843338214 0.04296875 0.2005856515373353
0 0.85205078125 0.6881405563689604 0.0654296875 0.2547584187408492
0 0.88232421875 0.6054172767203514 0.0224609375 0.11566617862371889
0 0.8984375 0.6127379209370425 0.03125 0.11566617862371889
0 0.92333984375 0.62298682284041 0.0166015625 0.07759882869692533
0 0.935546875 0.6112737920937042 0.02734375 0.10102489019033675
0 0.95654296875 0.6171303074670571 0.0439453125 0.1273792093704246
1 0.20361328125 0.6727672035139092 0.2001953125 0.19472913616398244
1 0.48388671875 0.6142020497803806 0.1806640625 0.20937042459736457
