0 0.568359375 0.36822840409956076 0.041015625 0.06588579795021962
0 0.6298828125 0.36749633967789164 0.0234375 0.043923865300146414
0 0.71728515625 0.4019033674963397 0.0634765625 0.12152269399707175
0 0.91162109375 0.40702781844802344 0.0673828125 0.09370424597364568
0 0.90087890625 0.41654465592972184 0.0205078125 0.05417276720351391
0 0.9833984375 0.44875549048316254 0.025390625 0.11566617862371889
1 0.2001953125 0.691800878477306 0.400390625 0.6134699853587116
1 0.087890625 0.3784773060029283 0.16796875 0.1390922401171303
1 0.30810546875 0.45241581259150804 0.3427734375 0.23133235724743778
1 0.619140625 0.5366032210834554 0.24609375 0.29428989751098095
