0 0.875 0.645909645909646 0.060546875 0.20024420024420025
0 0.3251953125 0.5482295482295483 0.015625 0.05616605616605617
0 0.44921875 0.699023199023199 0.1640625 0.3626373626373626
0 0.40478515625 0.6184371184371185 0.0478515625 0.1623931623931624
0 0.4658203125 0.5262515262515263 0.02734375 0.04151404151404151
0 0.51611328125 0.6257631257631258 0.0634765625 0.24053724053724054
0 0.76220703125 0.6727716727716728 0.0615234375 0.2783882783882784
0 0.931640625 0.6355311355311355 0.017578125 0.11843711843711843
0 0.97900390625 0.6544566544566545 0.0146484375 0.10012210012210013
1 0.08740234375 0.6959706959706959 0.1748046875 0.2564102564102564
