0 0.7177734375 0.6318359375 0.0859375 0.232421875
1 0.341796875 0.64501953125 0.544921875 0.2216796875
0 0.02685546875 0.673828125 0.0537109375 0.279296875
0 0.34326171875 0.86865234375 0.4423828125 0.2587890625
0 0.18408203125 0.5263671875 0.0322265625 0.076171875
0 0.22021484375 0.5537109375 0.0693359375 0.1015625
0 0.2421875 0.54296875 0.03515625 0.0859375
0 0.28564453125 0.54443359375 0.0517578125 0.1025390625
0 0.33447265625 0.72998046875 0.0693359375 0.0322265625
0 0.3603515625 0.6318359375 0.087890625 0.228515625
0 0.626953125 0.82080078125 0.3359375 0.3544921875
0 0.802734375 0.49951171875 0.021484375 0.0263671875
0 0.82470703125 0.49560546875 0.0302734375 0.0439453125
0 0.8740234375 0.5712890625 0.05859375 0.212890625
0 0.91748046875 0.5810546875 0.0849609375 0.173828125
0 0.9521484375 0.8623046875 0.091796875 0.271484375
1 0.7568359375 0.822265625 0.482421875 0.3515625
