0 0.091796875 0.23697916666666666 0.05859375 0.15104166666666666
0 0.1630859375 0.18684895833333334 0.068359375 0.16796875
0 0.24267578125 0.20833333333333334 0.0380859375 0.15364583333333334
0 0.3447265625 0.1875 0.03125 0.07291666666666667
0 0.400390625 0.21809895833333334 0.060546875 0.15494791666666666
1 0.03564453125 0.220703125 0.0712890625 0.09765625
1 0.11083984375 0.22200520833333334 0.1103515625 0.16015625
1 0.51123046875 0.5013020833333334 0.9111328125 0.6432291666666666
1 0.60986328125 0.23958333333333334 0.1435546875 0.14583333333333334
1 0.759765625 0.2513020833333333 0.185546875 0.08072916666666667
1 0.8408203125 0.3626302083333333 0.31640625 0.3059895833333333
