1 0.52734375 0.5909090909090909 0.80859375 0.5218855218855218
0 0.03076171875 0.5454545454545454 0.0615234375 0.4107744107744108
0 0.11181640625 0.45791245791245794 0.0244140625 0.1447811447811448
0 0.13134765625 0.4553872053872054 0.0419921875 0.1632996632996633
0 0.15380859375 0.5075757575757576 0.0517578125 0.2037037037037037
0 0.17333984375 0.4292929292929293 0.0283203125 0.08080808080808081
0 0.25048828125 0.42845117845117847 0.0263671875 0.06228956228956229
0 0.27392578125 0.43013468013468015 0.0419921875 0.06565656565656566
0 0.279296875 0.4090909090909091 0.025390625 0.06734006734006734
0 0.33837890625 0.414983164983165 0.0322265625 0.09259259259259259
0 0.52734375 0.44107744107744107 0.06640625 0.08754208754208755
0 0.79345703125 0.43013468013468015 0.0498046875 0.11952861952861953
0 0.90087890625 0.6161616161616161 0.0732421875 0.44107744107744107
0 0.939453125 0.4983164983164983 0.025390625 0.12457912457912458
0 0.9609375 0.5286195286195287 0.033203125 0.18181818181818182
0 0.98095703125 0.5622895622895623 0.0361328125 0.21548821548821548
1 0.25439453125 0.4494949494949495 0.1513671875 0.13468013468013468
1 0.8671875 0.5050505050505051 0.12890625 0.1750841750841751
