0 0.6455078125 0.712298682284041 0.080078125 0.2562225475841874
0 0.03369140625 0.5651537335285505 0.0361328125 0.12005856515373353
0 0.0625 0.5527086383601757 0.03125 0.09224011713030747
0 0.10986328125 0.582723279648609 0.0322265625 0.040995607613469986
0 0.2705078125 0.6207906295754027 0.041015625 0.15519765739385066
0 0.5244140625 0.7218155197657394 0.056640625 0.24597364568081992
0 0.767578125 0.7562225475841874 0.064453125 0.2679355783308931
0 0.77734375 0.6149341142020498 0.03515625 0.1171303074670571
0 0.89111328125 0.8023426061493412 0.0810546875 0.2635431918008785
0 0.931640625 0.7781844802342606 0.083984375 0.31771595900439237
1 0.12841796875 0.6207906295754027 0.1572265625 0.19912152269399708
