0 0.15299479166666666 0.8857421875 0.08984375 0.140625
1 0.061848958333333336 0.82373046875 0.12109375 0.0732421875
0 0.125 0.7744140625 0.0234375 0.037109375
0 0.15950520833333334 0.7763671875 0.016927083333333332 0.041015625
0 0.283203125 0.8212890625 0.05859375 0.06640625
0 0.33203125 0.876953125 0.1015625 0.15234375
0 0.3528645833333333 0.78564453125 0.018229166666666668 0.0341796875
0 0.423828125 0.89501953125 0.048177083333333336 0.0341796875
0 0.5026041666666666 0.73974609375 0.0390625 0.0341796875
0 0.5852864583333334 0.876953125 0.16276041666666666 0.185546875
0 0.8404947916666666 0.88330078125 0.10807291666666667 0.1552734375
0 0.8483072916666666 0.8828125 0.12369791666666667 0.1328125
0 0.8776041666666666 0.82080078125 0.057291666666666664 0.1044921875
0 0.9348958333333334 0.833984375 0.049479166666666664 0.10546875
1 0.4069010416666667 0.77490234375 0.055989583333333336 0.0439453125
1 0.451171875 0.7783203125 0.06640625 0.044921875
