0 0.04345703125 0.8325991189427313 0.0830078125 0.328928046989721
0 0.044921875 0.6497797356828194 0.08203125 0.1894273127753304
0 0.0244140625 0.5286343612334802 0.037109375 0.07342143906020558
0 0.08349609375 0.48751835535976507 0.0400390625 0.08516886930983847
0 0.18408203125 0.6901615271659325 0.1376953125 0.42584434654919234
0 0.20263671875 0.5058737151248165 0.0654296875 0.09838472834067548
0 0.24267578125 0.5337738619676946 0.0498046875 0.13069016152716592
0 0.6376953125 0.48604992657856094 0.029296875 0.05873715124816446
0 0.68310546875 0.5176211453744494 0.0615234375 0.16299559471365638
0 0.736328125 0.5572687224669604 0.052734375 0.19530102790014683
0 0.7529296875 0.6255506607929515 0.048828125 0.20851688693098386
0 0.8154296875 0.604992657856094 0.0703125 0.3054331864904552
0 0.9072265625 0.5323054331864905 0.0546875 0.18649045521292218
0 0.939453125 0.5418502202643172 0.052734375 0.22320117474302498
1 0.83837890625 0.5051395007342144 0.1240234375 0.14684287812041116
