0 0.7470703125 0.24934895833333334 0.068359375 0.18619791666666666
0 0.02587890625 0.5169270833333334 0.0517578125 0.640625
0 0.1396484375 0.22591145833333334 0.072265625 0.18098958333333334
0 0.224609375 0.21028645833333334 0.056640625 0.07942708333333333
0 0.41552734375 0.18684895833333334 0.0263671875 0.053385416666666664
0 0.5087890625 0.4986979166666667 0.205078125 0.6875
0 0.51953125 0.18880208333333334 0.037109375 0.057291666666666664
0 0.56689453125 0.20442708333333334 0.0341796875 0.057291666666666664
0 0.642578125 0.22591145833333334 0.046875 0.13151041666666666
0 0.87451171875 0.244140625 0.0634765625 0.12630208333333334
0 0.92724609375 0.3053385416666667 0.0498046875 0.24609375
0 0.96923828125 0.3450520833333333 0.0595703125 0.3854166666666667
1 0.43798828125 0.4986979166666667 0.7861328125 0.5651041666666666
