0 0.451171875 0.7748091603053435 0.064453125 0.23155216284987276
1 0.85693359375 0.8307888040712468 0.2177734375 0.31297709923664124
0 0.2041015625 0.7735368956743003 0.064453125 0.20610687022900764
0 0.25537109375 0.767175572519084 0.0380859375 0.11959287531806616
0 0.27685546875 0.7646310432569975 0.0419921875 0.183206106870229
0 0.275390625 0.48536895674300257 0.02734375 0.04198473282442748
0 0.33935546875 0.7404580152671756 0.0400390625 0.15267175572519084
0 0.37353515625 0.7436386768447837 0.0341796875 0.14885496183206107
0 0.41552734375 0.7576335877862596 0.0712890625 0.19720101781170485
0 0.50439453125 0.7410941475826972 0.0322265625 0.14122137404580154
0 0.5361328125 0.767175572519084 0.03125 0.05597964376590331
0 0.62890625 0.7550890585241731 0.037109375 0.17938931297709923
0 0.64697265625 0.7493638676844784 0.0517578125 0.1806615776081425
0 0.6767578125 0.7302798982188295 0.0234375 0.09414758269720101
0 0.9755859375 0.72264631043257 0.046875 0.09923664122137404
1 0.552734375 0.7379134860050891 0.109375 0.10687022900763359
