0 0.06640625 0.768451519536903 0.05078125 0.2778581765557164
0 0.1171875 0.7778581765557163 0.05859375 0.28509406657018815
0 0.14111328125 0.49493487698986977 0.0263671875 0.08972503617945007
0 0.154296875 0.711287988422576 0.04296875 0.16353111432706222
0 0.17822265625 0.8625180897250362 0.0751953125 0.27206946454413894
0 0.27392578125 0.7409551374819102 0.0556640625 0.26049204052098407
0 0.34326171875 0.658465991316932 0.0458984375 0.1447178002894356
0 0.3740234375 0.58972503617945 0.033203125 0.09117221418234443
0 0.38330078125 0.7532561505065123 0.0380859375 0.23589001447178004
0 0.42919921875 0.7431259044862518 0.0439453125 0.25615050651230103
0 0.48095703125 0.9081041968162084 0.0947265625 0.1808972503617945
0 0.708984375 0.37771345875542695 0.017578125 0.09261939218523878
0 0.736328125 0.35383502170767006 0.01953125 0.085383502170767
0 0.79541015625 0.4030390738060782 0.0166015625 0.09406657018813314
0 0.822265625 0.7858176555716353 0.05859375 0.24312590448625182
0 0.82421875 0.4030390738060782 0.021484375 0.08827785817655572
0 0.83740234375 0.630246020260492 0.0439453125 0.12011577424023155
0 0.87353515625 0.38639652677279307 0.0224609375 0.08104196816208394
0 0.92333984375 0.7735166425470333 0.0439453125 0.24457308248914617
0 0.95068359375 0.8335745296671491 0.0791015625 0.2894356005788712
0 0.94189453125 0.6512301013024602 0.0556640625 0.13603473227206947
1 0.58544921875 0.3516642547033285 0.1025390625 0.10130246020260492
1 0.6142578125 0.4276410998552822 0.1328125 0.10564399421128799
1 0.88134765625 0.5470332850940666 0.2255859375 0.1649782923299566
1 0.9013671875 0.28726483357452964 0.123046875 0.07380607814761216
1 0.93115234375 0.41678726483357453 0.1201171875 0.10998552821997105
