1 0.54296875 0.8111979166666666 0.162109375 0.08854166666666667
0 0.08056640625 0.830078125 0.0810546875 0.09765625
0 0.51123046875 0.765625 0.0185546875 0.052083333333333336
0 0.52978515625 0.7610677083333334 0.0244140625 0.02734375
0 0.6416015625 0.765625 0.0234375 0.0390625
0 0.708984375 0.7584635416666666 0.01953125 0.040364583333333336
0 0.734375 0.7591145833333334 0.015625 0.0390625
0 0.8046875 0.7454427083333334 0.021484375 0.029947916666666668
1 0.03076171875 0.8125 0.0615234375 0.07552083333333333
1 0.06494140625 0.96484375 0.1298828125 0.06770833333333333
1 0.677734375 0.7975260416666666 0.134765625 0.07421875
1 0.77001953125 0.7884114583333334 0.1318359375 0.061197916666666664
1 0.90869140625 0.7747395833333334 0.0986328125 0.0703125
1 0.953125 0.8072916666666666 0.091796875 0.10677083333333333
