0 0.04833984375 0.33601756954612005 0.0966796875 0.6720351390922401
0 0.1025390625 0.19985358711566617 0.109375 0.18301610541727673
0 0.15380859375 0.2613469985358712 0.0732421875 0.33528550512445093
0 0.1826171875 0.13616398243045388 0.01953125 0.032210834553440704
0 0.2041015625 0.2657393850658858 0.048828125 0.28257686676427524
0 0.2275390625 0.2042459736456808 0.03515625 0.19472913616398244
0 0.34423828125 0.31551976573938506 0.1025390625 0.3645680819912152
0 0.3408203125 0.25768667642752563 0.068359375 0.2342606149341142
0 0.50830078125 0.5805270863836017 0.2958984375 0.7774524158125915
0 0.392578125 0.2020497803806735 0.033203125 0.14348462664714495
0 0.44140625 0.22986822840409957 0.0703125 0.16691068814055637
0 0.505859375 0.15592972181551976 0.05078125 0.10395314787701318
0 0.55517578125 0.31771595900439237 0.0869140625 0.35724743777452417
0 0.63818359375 0.27379209370424595 0.0810546875 0.3191800878477306
0 0.62109375 0.15373352855051245 0.03125 0.06734992679355783
0 0.6953125 0.2613469985358712 0.0625 0.2591508052708638
0 0.7548828125 0.28330893118594436 0.087890625 0.3235724743777452
0 0.7568359375 0.3330893118594436 0.083984375 0.3294289897510981
1 0.2529296875 0.20571010248901903 0.115234375 0.17130307467057102
1 0.4560546875 0.2108345534407028 0.09375 0.14641288433382138
1 0.63623046875 0.232796486090776 0.0888671875 0.13469985358711567
1 0.845703125 0.23718887262079064 0.103515625 0.12005856515373353
1 0.95849609375 0.2430453879941435 0.0810546875 0.1259150805270864
