0 0.85693359375 0.6268328445747801 0.2431640625 0.7140762463343109
1 0.28125 0.6092375366568915 0.5390625 0.5557184750733137
0 0.01611328125 0.4149560117302053 0.0322265625 0.12609970674486803
0 0.11328125 0.40615835777126097 0.041015625 0.12609970674486803
0 0.14990234375 0.41055718475073316 0.0166015625 0.10263929618768329
0 0.54052734375 0.39956011730205276 0.0068359375 0.039589442815249266
0 0.5478515625 0.39882697947214074 0.0078125 0.03519061583577713
0 0.5478515625 0.40175953079178883 0.0 0.03519061583577713
0 0.55712890625 0.40175953079178883 0.0068359375 0.03225806451612903
0 0.5693359375 0.3944281524926686 0.0078125 0.04985337243401759
0 0.5810546875 0.4002932551319648 0.00390625 0.02932551319648094
0 0.58984375 0.4039589442815249 0.0078125 0.036656891495601175
0 0.58984375 0.40762463343108507 0.0 0.04398826979472141
0 0.60498046875 0.4002932551319648 0.0126953125 0.04398826979472141
0 0.61181640625 0.41055718475073316 0.0205078125 0.11730205278592376
0 0.6240234375 0.4501466275659824 0.033203125 0.15249266862170088
0 0.63720703125 0.45161290322580644 0.0458984375 0.2287390029325513
0 0.64892578125 0.4941348973607038 0.0380859375 0.2844574780058651
0 0.67041015625 0.5124633431085044 0.0751953125 0.37390029325513197
0 0.73095703125 0.6217008797653959 0.1298828125 0.5982404692082112
0 0.966796875 0.45234604105571846 0.064453125 0.27126099706744866
