0 0.04150390625 0.33203125 0.0830078125 0.5755208333333334
0 0.525390625 0.09049479166666667 0.013671875 0.02734375
0 0.54931640625 0.09895833333333333 0.0263671875 0.041666666666666664
0 0.759765625 0.10026041666666667 0.03125 0.08854166666666667
0 0.78125 0.11458333333333333 0.04296875 0.0703125
0 0.7890625 0.15169270833333334 0.05859375 0.13932291666666666
0 0.8857421875 0.10221354166666667 0.03515625 0.12630208333333334
0 0.93798828125 0.34375 0.1220703125 0.6875
0 0.89599609375 0.244140625 0.0361328125 0.4205729166666667
1 0.4521484375 0.4733072916666667 0.859375 0.9466145833333334
1 0.482421875 0.109375 0.12890625 0.0625
1 0.82763671875 0.154296875 0.1005859375 0.13932291666666666
