0 0.72119140625 0.7985401459854015 0.0791015625 0.3795620437956204
1 0.07861328125 0.7065693430656934 0.1572265625 0.21313868613138687
0 0.21142578125 0.6802919708029197 0.0419921875 0.11970802919708029
0 0.32666015625 0.6671532846715329 0.0185546875 0.08175182481751825
0 0.34521484375 0.6686131386861314 0.0205078125 0.07007299270072993
0 0.37939453125 0.654014598540146 0.0146484375 0.043795620437956206
0 0.39208984375 0.6627737226277373 0.0185546875 0.09343065693430656
0 0.412109375 0.6372262773722628 0.01171875 0.021897810218978103
0 0.494140625 0.6386861313868614 0.009765625 0.01897810218978102
0 0.5341796875 0.6656934306569343 0.017578125 0.09343065693430656
0 0.75341796875 0.689051094890511 0.0400390625 0.14890510948905109
0 0.78857421875 0.6897810218978102 0.0439453125 0.1678832116788321
