0 0.14404296875 0.30701754385964913 0.0458984375 0.1871345029239766
0 0.17724609375 0.2997076023391813 0.0498046875 0.18421052631578946
0 0.36083984375 0.3223684210526316 0.0517578125 0.0891812865497076
0 0.64892578125 0.2134502923976608 0.0283203125 0.03508771929824561
0 0.685546875 0.29605263157894735 0.052734375 0.0891812865497076
0 0.68310546875 0.21929824561403508 0.0302734375 0.049707602339181284
0 0.73046875 0.22149122807017543 0.048828125 0.06578947368421052
0 0.794921875 0.2902046783625731 0.06640625 0.15350877192982457
0 0.81787109375 0.2631578947368421 0.0419921875 0.15497076023391812
0 0.8505859375 0.27631578947368424 0.05078125 0.14619883040935672
0 0.84521484375 0.34210526315789475 0.0341796875 0.09064327485380116
0 0.85888671875 0.27631578947368424 0.0322265625 0.14619883040935672
0 0.89013671875 0.30628654970760233 0.0556640625 0.21198830409356725
0 0.9208984375 0.2711988304093567 0.060546875 0.16812865497076024
0 0.99560546875 0.30409356725146197 0.0068359375 0.05847953216374269
1 0.48974609375 0.5058479532163743 0.8720703125 0.6491228070175439
