1 0.373046875 0.6566617862371888 0.63671875 0.6749633967789166
0 0.24609375 0.7049780380673499 0.201171875 0.3206442166910688
0 0.32958984375 0.3462664714494876 0.0556640625 0.09809663250366032
0 0.3857421875 0.42825768667642755 0.1015625 0.2240117130307467
0 0.41943359375 0.3462664714494876 0.0263671875 0.07174231332357248
0 0.455078125 0.3923865300146413 0.044921875 0.18448023426061494
0 0.5185546875 0.39092240117130306 0.03515625 0.12005856515373353
0 0.5107421875 0.32210834553440704 0.0078125 0.02342606149341142
0 0.52587890625 0.3323572474377745 0.0205078125 0.05856515373352855
0 0.59619140625 0.46925329428989754 0.0927734375 0.2884333821376281
0 0.73291015625 0.410688140556369 0.0654296875 0.22108345534407028
0 0.828125 0.45095168374816985 0.09375 0.2752562225475842
0 0.96875 0.4480234260614934 0.060546875 0.3396778916544656
