0 0.22509765625 0.5598958333333334 0.0146484375 0.03125
0 0.24365234375 0.6197916666666666 0.0322265625 0.1171875
0 0.25390625 0.5657552083333334 0.01171875 0.022135416666666668
0 0.27392578125 0.6165364583333334 0.0302734375 0.12109375
0 0.3125 0.6484375 0.04296875 0.1875
0 0.31787109375 0.5546875 0.0185546875 0.0234375
0 0.33251953125 0.6419270833333334 0.0302734375 0.15885416666666666
0 0.34375 0.5703125 0.01953125 0.0546875
0 0.3525390625 0.6315104166666666 0.015625 0.14322916666666666
0 0.36669921875 0.6477864583333334 0.0185546875 0.15755208333333334
0 0.38916015625 0.640625 0.0498046875 0.1796875
0 0.37451171875 0.5579427083333334 0.0146484375 0.024739583333333332
0 0.400390625 0.6595052083333334 0.0546875 0.19401041666666666
0 0.42919921875 0.642578125 0.0302734375 0.15755208333333334
0 0.43994140625 0.5631510416666666 0.0361328125 0.040364583333333336
0 0.47021484375 0.6510416666666666 0.0419921875 0.1953125
0 0.48291015625 0.6282552083333334 0.0205078125 0.14973958333333334
0 0.5126953125 0.6341145833333334 0.025390625 0.1484375
0 0.53857421875 0.65234375 0.0537109375 0.1953125
0 0.9794921875 0.650390625 0.0390625 0.21223958333333334
1 0.0771484375 0.611328125 0.154296875 0.15234375
