0 0.31494140625 0.5073313782991202 0.0966796875 0.5043988269794721
1 0.82568359375 0.6400293255131965 0.3369140625 0.7052785923753666
0 0.05615234375 0.5777126099706745 0.1123046875 0.841642228739003
0 0.08740234375 0.530791788856305 0.0498046875 0.3255131964809384
0 0.19140625 0.5667155425219942 0.23046875 0.6407624633431085
0 0.19189453125 0.5124633431085044 0.2197265625 0.5674486803519062
0 0.40185546875 0.532991202346041 0.1044921875 0.5087976539589443
0 0.44921875 0.5461876832844574 0.0625 0.43841642228739003
0 0.49658203125 0.5703812316715543 0.1337890625 0.49853372434017595
0 0.552734375 0.5740469208211144 0.08203125 0.46774193548387094
0 0.63037109375 0.5681818181818182 0.1044921875 0.4941348973607038
0 0.67333984375 0.533724340175953 0.0751953125 0.44281524926686217
0 0.79052734375 0.4868035190615836 0.1435546875 0.17888563049853373
0 0.95654296875 0.4750733137829912 0.0849609375 0.17008797653958943
