1 0.93359375 0.63671875 0.12890625 0.15625
0 0.22265625 0.6458333333333334 0.009765625 0.08072916666666667
0 0.44287109375 0.63671875 0.3779296875 0.16145833333333334
0 0.2890625 0.6373697916666666 0.05859375 0.14192708333333334
0 0.3310546875 0.619140625 0.0078125 0.029947916666666668
0 0.34326171875 0.6171875 0.0087890625 0.03125
0 0.3515625 0.619140625 0.0078125 0.029947916666666668
0 0.431640625 0.6178385416666666 0.017578125 0.045572916666666664
0 0.447265625 0.61328125 0.013671875 0.041666666666666664
0 0.45458984375 0.6145833333333334 0.0087890625 0.0390625
0 0.4716796875 0.6119791666666666 0.009765625 0.049479166666666664
0 0.47802734375 0.6139322916666666 0.0126953125 0.053385416666666664
0 0.70458984375 0.5963541666666666 0.0361328125 0.10677083333333333
0 0.74951171875 0.5983072916666666 0.0283203125 0.11067708333333333
0 0.794921875 0.6067708333333334 0.03125 0.1328125
0 0.81689453125 0.6048177083333334 0.0205078125 0.12369791666666667
0 0.83740234375 0.595703125 0.0283203125 0.10807291666666667
0 0.943359375 0.5514322916666666 0.0390625 0.08984375
0 0.98193359375 0.5390625 0.0205078125 0.041666666666666664
0 0.9921875 0.5384114583333334 0.013671875 0.02734375
1 0.076171875 0.6458333333333334 0.048828125 0.0625
