0 0.10595703125 0.6332357247437774 0.0673828125 0.3118594436310395
0 0.0361328125 0.7986822840409956 0.072265625 0.39970717423133234
0 0.150390625 0.5234260614934114 0.033203125 0.0629575402635432
0 0.2578125 0.48975109809663253 0.033203125 0.06881405563689605
0 0.33349609375 0.49267935578330896 0.0205078125 0.024890190336749635
0 0.80517578125 0.8462664714494875 0.3740234375 0.30453879941434847
0 0.65087890625 0.4816983894582723 0.0244140625 0.03806734992679356
0 0.67431640625 0.48462664714494874 0.0224609375 0.05856515373352855
0 0.7060546875 0.5124450951683748 0.048828125 0.09956076134699854
0 0.8330078125 0.527086383601757 0.041015625 0.16691068814055637
0 0.87255859375 0.48462664714494874 0.0244140625 0.10248901903367497
0 0.931640625 0.8733528550512445 0.134765625 0.25036603221083453
0 0.8935546875 0.49267935578330896 0.03125 0.09809663250366032
0 0.900390625 0.4289897510980966 0.013671875 0.020497803806734993
0 0.90771484375 0.5336749633967789 0.0244140625 0.09224011713030747
0 0.93115234375 0.5226939970717424 0.0341796875 0.1376281112737921
0 0.9453125 0.4663250366032211 0.01171875 0.05124450951683748
0 0.96142578125 0.47218155197657397 0.0146484375 0.05417276720351391
1 0.54931640625 0.7005856515373353 0.6943359375 0.4494875549048316
