1 0.362094395280236 0.8056640625 0.13716814159292035 0.0703125
0 0.09070796460176991 0.79638671875 0.030973451327433628 0.0517578125
0 0.28171091445427726 0.79345703125 0.02064896755162242 0.0400390625
0 0.3193215339233038 0.78662109375 0.025073746312684365 0.0263671875
0 0.49557522123893805 0.8095703125 0.04129793510324484 0.109375
0 0.5789085545722714 0.8037109375 0.045722713864306784 0.06640625
0 0.6305309734513275 0.79931640625 0.03392330383480826 0.0478515625
0 0.6873156342182891 0.80029296875 0.0471976401179941 0.0673828125
0 0.7256637168141593 0.79052734375 0.02064896755162242 0.0791015625
0 0.7485250737463127 0.8095703125 0.03687315634218289 0.08203125
0 0.7912979351032449 0.8056640625 0.045722713864306784 0.1015625
0 0.8458702064896755 0.7685546875 0.028023598820058997 0.072265625
1 0.5508849557522124 0.80029296875 0.08997050147492626 0.0556640625
1 0.6128318584070797 0.79296875 0.04277286135693215 0.041015625
1 0.6452802359882006 0.7890625 0.05752212389380531 0.02734375
