0 0.0224609375 0.5666178623718887 0.04296875 0.06442166910688141
0 0.04296875 0.5629575402635432 0.029296875 0.07174231332357248
0 0.23486328125 0.6998535871156661 0.0751953125 0.36603221083455345
0 0.25244140625 0.6654465592972182 0.0439453125 0.34992679355783307
0 0.2666015625 0.4882869692532943 0.017578125 0.05710102489019034
0 0.28564453125 0.5475841874084919 0.0244140625 0.0527086383601757
0 0.32373046875 0.6325036603221084 0.0654296875 0.2752562225475842
0 0.4443359375 0.6244509516837482 0.060546875 0.28550512445095166
0 0.4912109375 0.49194729136163984 0.03125 0.08199121522693997
0 0.49560546875 0.4978038067349927 0.0341796875 0.06734992679355783
0 0.52392578125 0.4978038067349927 0.0283203125 0.06734992679355783
0 0.55419921875 0.5402635431918009 0.0322265625 0.14641288433382138
0 0.763671875 0.48535871156661786 0.013671875 0.06588579795021962
1 0.74169921875 0.4633967789165447 0.0126953125 0.016105417276720352
1 0.75634765625 0.4677891654465593 0.0283203125 0.036603221083455345
1 0.79541015625 0.4751098096632504 0.0537109375 0.060029282576866766
1 0.80517578125 0.5 0.0654296875 0.08052708638360176
1 0.87109375 0.5292825768667643 0.169921875 0.13616398243045388
