0 0.060546875 0.6542397660818714 0.01953125 0.09502923976608187
0 0.15234375 0.6878654970760234 0.0234375 0.07163742690058479
0 0.45068359375 0.6805555555555556 0.4814453125 0.6359649122807017
1 0.0263671875 0.6783625730994152 0.05078125 0.08771929824561403
1 0.13427734375 0.7105263157894737 0.2138671875 0.09649122807017543
1 0.15673828125 0.6739766081871345 0.1513671875 0.09649122807017543
1 0.26953125 0.6973684210526315 0.05859375 0.049707602339181284
1 0.64306640625 0.7054093567251462 0.0400390625 0.06286549707602339
1 0.689453125 0.7097953216374269 0.0390625 0.05701754385964912
1 0.9658203125 0.7441520467836257 0.064453125 0.06140350877192982
