1 0.07568359375 0.4384765625 0.1298828125 0.099609375
0 0.22265625 0.54296875 0.1640625 0.375
0 0.3544921875 0.52001953125 0.099609375 0.2802734375
0 0.50146484375 0.42431640625 0.0205078125 0.0361328125
0 0.5546875 0.4326171875 0.025390625 0.046875
0 0.58984375 0.4248046875 0.013671875 0.009765625
0 0.65966796875 0.44091796875 0.0185546875 0.0380859375
0 0.67529296875 0.44189453125 0.0166015625 0.0458984375
0 0.6953125 0.44287109375 0.015625 0.0478515625
0 0.70654296875 0.4267578125 0.0068359375 0.0234375
0 0.71630859375 0.42578125 0.0107421875 0.025390625
0 0.73828125 0.43505859375 0.01171875 0.0361328125
