0 0.5615234375 0.5960698689956332 0.05859375 0.2430858806404658
0 0.07080078125 0.5458515283842795 0.0419921875 0.1572052401746725
0 0.21435546875 0.5756914119359534 0.0517578125 0.2314410480349345
0 0.24951171875 0.5909752547307132 0.0419921875 0.2183406113537118
0 0.28173828125 0.5829694323144105 0.0712890625 0.32168850072780203
0 0.36328125 0.5967976710334789 0.056640625 0.33478893740902477
0 0.4501953125 0.6128093158660844 0.087890625 0.3027656477438137
0 0.654296875 0.5698689956331878 0.033203125 0.1615720524017467
0 0.69677734375 0.5800582241630277 0.0498046875 0.14992721979621543
0 0.814453125 0.5960698689956332 0.04296875 0.15283842794759825
0 0.8662109375 0.5924308588064047 0.052734375 0.20378457059679767
0 0.966796875 0.616448326055313 0.052734375 0.29839883551673946
0 0.96044921875 0.5029112081513828 0.0146484375 0.03056768558951965
1 0.72998046875 0.5895196506550219 0.1064453125 0.12518195050946143
