0 0.3046875 0.6950402144772118 0.15625 0.3605898123324397
0 0.48095703125 0.7332439678284183 0.1162109375 0.19302949061662197
0 0.5693359375 0.6239946380697051 0.03125 0.1380697050938338
0 0.59814453125 0.6253351206434317 0.0322265625 0.13270777479892762
0 0.64013671875 0.6943699731903485 0.0771484375 0.3485254691689008
0 0.73095703125 0.7533512064343163 0.1162109375 0.40214477211796246
0 0.78955078125 0.5945040214477212 0.0224609375 0.07908847184986595
0 0.87548828125 0.579088471849866 0.0205078125 0.02680965147453083
1 0.0341796875 0.5589812332439679 0.03125 0.032171581769437
1 0.05908203125 0.5495978552278821 0.0126953125 0.032171581769437
1 0.08544921875 0.5576407506702413 0.0419921875 0.03753351206434316
1 0.11181640625 0.5663538873994638 0.0224609375 0.04155495978552279
1 0.1396484375 0.5697050938337802 0.04296875 0.05361930294906166
1 0.1826171875 0.5730563002680965 0.064453125 0.054959785522788206
1 0.8779296875 0.6561662198391421 0.232421875 0.12734584450402145
