0 0.267578125 0.5419117647058823 0.0234375 0.08970588235294118
0 0.31982421875 0.7338235294117647 0.0458984375 0.07058823529411765
0 0.39013671875 0.7463235294117647 0.0166015625 0.0661764705882353
0 0.42041015625 0.7595588235294117 0.0224609375 0.08088235294117647
0 0.44482421875 0.7838235294117647 0.0361328125 0.13823529411764707
0 0.50927734375 0.763235294117647 0.0263671875 0.08823529411764706
0 0.5625 0.7551470588235294 0.01171875 0.04264705882352941
0 0.5703125 0.7544117647058823 0.013671875 0.029411764705882353
0 0.57177734375 0.7433823529411765 0.0126953125 0.04264705882352941
0 0.66015625 0.6808823529411765 0.015625 0.041176470588235294
0 0.66162109375 0.6823529411764706 0.0185546875 0.026470588235294117
0 0.6806640625 0.6860294117647059 0.01953125 0.0661764705882353
0 0.7109375 0.6683823529411764 0.021484375 0.030882352941176472
0 0.76220703125 0.7426470588235294 0.0830078125 0.12941176470588237
0 0.77392578125 0.8323529411764706 0.0966796875 0.26176470588235295
0 0.9599609375 0.6154411764705883 0.03125 0.060294117647058824
1 0.7255859375 0.7477941176470588 0.078125 0.13676470588235295
1 0.8330078125 0.7970588235294118 0.09765625 0.17352941176470588
