0 0.35400390625 0.6154411764705883 0.0732421875 0.2691176470588235
0 0.14892578125 0.4808823529411765 0.0244140625 0.03529411764705882
0 0.20556640625 0.24632352941176472 0.0224609375 0.08088235294117647
0 0.21142578125 0.4808823529411765 0.0244140625 0.047058823529411764
0 0.23095703125 0.23970588235294119 0.0283203125 0.1
0 0.28564453125 0.40808823529411764 0.0244140625 0.057352941176470586
0 0.31201171875 0.425 0.0205078125 0.052941176470588235
0 0.59765625 0.6411764705882353 0.06640625 0.27058823529411763
0 0.73583984375 0.5794117647058824 0.0654296875 0.2852941176470588
0 0.74853515625 0.6014705882352941 0.0673828125 0.27941176470588236
0 0.87158203125 0.6860294117647059 0.0576171875 0.2897058823529412
1 0.24560546875 0.538235294117647 0.1376953125 0.18823529411764706
1 0.255859375 0.44632352941176473 0.080078125 0.030882352941176472
