1 0.46923828125 0.5147569444444444 0.8974609375 0.8524305555555556
0 0.15673828125 0.1779513888888889 0.1279296875 0.3559027777777778
0 0.30029296875 0.2144097222222222 0.0712890625 0.1545138888888889
0 0.380859375 0.171875 0.056640625 0.125
0 0.466796875 0.14583333333333334 0.04296875 0.17708333333333334
0 0.88330078125 0.3298611111111111 0.1044921875 0.3993055555555556
0 0.935546875 0.3072916666666667 0.05078125 0.2222222222222222
0 0.9833984375 0.3237847222222222 0.03125 0.24131944444444445
1 0.1552734375 0.3263888888888889 0.234375 0.2708333333333333
1 0.34814453125 0.2378472222222222 0.0341796875 0.0763888888888889
1 0.96875 0.296875 0.060546875 0.2013888888888889
