0 0.22021484375 0.4596354166666667 0.0927734375 0.15885416666666666
0 0.27001953125 0.439453125 0.0498046875 0.12890625
0 0.37548828125 0.4544270833333333 0.0693359375 0.16927083333333334
0 0.66552734375 0.4244791666666667 0.0322265625 0.059895833333333336
0 0.71630859375 0.4127604166666667 0.0205078125 0.044270833333333336
0 0.74267578125 0.4075520833333333 0.0283203125 0.0390625
0 0.755859375 0.4446614583333333 0.029296875 0.07421875
0 0.7763671875 0.4329427083333333 0.025390625 0.08203125
0 0.78564453125 0.4388020833333333 0.0146484375 0.09375
0 0.810546875 0.4654947916666667 0.03515625 0.13932291666666666
1 0.8798828125 0.48046875 0.138671875 0.11979166666666667
