0 0.0166015625 0.158203125 0.033203125 0.10807291666666667
0 0.05810546875 0.17447916666666666 0.0498046875 0.15104166666666666
0 0.0859375 0.18033854166666666 0.04296875 0.13411458333333334
0 0.14306640625 0.16861979166666666 0.0361328125 0.18880208333333334
0 0.16552734375 0.17903645833333334 0.0498046875 0.18880208333333334
0 0.2021484375 0.16536458333333334 0.029296875 0.09375
0 0.2998046875 0.12825520833333334 0.044921875 0.11588541666666667
0 0.359375 0.14192708333333334 0.044921875 0.09114583333333333
0 0.4111328125 0.12565104166666666 0.083984375 0.11067708333333333
0 0.49951171875 0.14778645833333334 0.0517578125 0.09244791666666667
0 0.71337890625 0.14453125 0.0302734375 0.06510416666666667
0 0.82275390625 0.171875 0.0361328125 0.12239583333333333
0 0.86279296875 0.17057291666666666 0.0419921875 0.18489583333333334
0 0.92431640625 0.19466145833333334 0.0966796875 0.12109375
0 0.92138671875 0.16015625 0.0400390625 0.09375
0 0.974609375 0.18684895833333334 0.037109375 0.13671875
1 0.51953125 0.51953125 0.94140625 0.6796875
1 0.73779296875 0.3053385416666667 0.5224609375 0.42578125
1 0.72265625 0.19140625 0.14453125 0.08333333333333333
1 0.8974609375 0.18684895833333334 0.025390625 0.061197916666666664
