0 0.12744140625 0.7664233576642335 0.2021484375 0.3678832116788321
0 0.10693359375 0.38248175182481753 0.0615234375 0.07591240875912408
0 0.185546875 0.5817518248175182 0.11328125 0.2321167883211679
0 0.24169921875 0.3094890510948905 0.0361328125 0.1897810218978102
0 0.25 0.19708029197080293 0.021484375 0.06423357664233577
0 0.26806640625 0.3518248175182482 0.0517578125 0.20145985401459854
0 0.369140625 0.3627737226277372 0.052734375 0.2029197080291971
0 0.818359375 0.4708029197080292 0.046875 0.30802919708029197
0 0.9052734375 0.49416058394160584 0.08203125 0.345985401459854
1 0.20068359375 0.14744525547445256 0.0244140625 0.014598540145985401
1 0.283203125 0.16131386861313868 0.046875 0.027737226277372264
1 0.3623046875 0.18905109489051095 0.056640625 0.06277372262773723
1 0.37939453125 0.14817518248175182 0.0439453125 0.021897810218978103
1 0.38232421875 0.16496350364963502 0.0380859375 0.049635036496350364
1 0.4052734375 0.16423357664233576 0.017578125 0.0364963503649635
1 0.4326171875 0.14963503649635038 0.048828125 0.024817518248175182
1 0.48046875 0.12992700729927006 0.0234375 0.020437956204379562
1 0.49609375 0.14014598540145987 0.03515625 0.02335766423357664
1 0.513671875 0.1291970802919708 0.017578125 0.010218978102189781
1 0.529296875 0.12043795620437957 0.013671875 0.013138686131386862
1 0.54638671875 0.15474452554744525 0.0224609375 0.032116788321167884
1 0.5849609375 0.12043795620437957 0.013671875 0.013138686131386862
1 0.61328125 0.12116788321167883 0.01953125 0.014598540145985401
1 0.6787109375 0.2072992700729927 0.083984375 0.058394160583941604
1 0.9140625 0.13284671532846715 0.04296875 0.026277372262773723
