1 0.66748046875 0.935546875 0.2763671875 0.12630208333333334
0 0.240234375 0.7239583333333334 0.021484375 0.06770833333333333
0 0.3515625 0.8854166666666666 0.025390625 0.078125
0 0.3662109375 0.705078125 0.02734375 0.06901041666666667
0 0.5107421875 0.8893229166666666 0.015625 0.0625
0 0.5556640625 0.9290364583333334 0.03125 0.13932291666666666
0 0.58642578125 0.8704427083333334 0.0146484375 0.02734375
0 0.60107421875 0.8645833333333334 0.0166015625 0.015625
0 0.6162109375 0.86328125 0.01171875 0.020833333333333332
0 0.68603515625 0.8977864583333334 0.0341796875 0.07682291666666667
0 0.744140625 0.896484375 0.029296875 0.06640625
0 0.779296875 0.9036458333333334 0.03515625 0.036458333333333336
0 0.80126953125 0.900390625 0.0146484375 0.040364583333333336
0 0.93798828125 0.91015625 0.0263671875 0.09114583333333333
0 0.9736328125 0.8997395833333334 0.017578125 0.049479166666666664
1 0.0771484375 0.8912760416666666 0.154296875 0.11848958333333333
1 0.1162109375 0.8606770833333334 0.0625 0.044270833333333336
1 0.2255859375 0.8893229166666666 0.177734375 0.0859375
1 0.521484375 0.9622395833333334 0.07421875 0.07291666666666667
1 0.9248046875 0.943359375 0.1484375 0.11067708333333333
