0 0.23974609375 0.90234375 0.0419921875 0.09635416666666667
0 0.2958984375 0.8958333333333334 0.0625 0.10416666666666667
0 0.34765625 0.875 0.03125 0.078125
0 0.380859375 0.8463541666666666 0.017578125 0.033854166666666664
0 0.80078125 0.9127604166666666 0.041015625 0.10416666666666667
0 0.83447265625 0.9173177083333334 0.0341796875 0.06380208333333333
0 0.85546875 0.9114583333333334 0.021484375 0.057291666666666664
0 0.87890625 0.900390625 0.021484375 0.08203125
1 0.1669921875 0.927734375 0.333984375 0.14192708333333334
1 0.52490234375 0.9095052083333334 0.5263671875 0.17838541666666666
1 0.84130859375 0.908203125 0.3154296875 0.18098958333333334
