0 0.36962890625 0.3014322916666667 0.1181640625 0.23307291666666666
0 0.49169921875 0.29296875 0.0634765625 0.1875
0 0.5927734375 0.2578125 0.009765625 0.046875
0 0.62841796875 0.2506510416666667 0.0361328125 0.05859375
0 0.69677734375 0.240234375 0.0537109375 0.07942708333333333
0 0.716796875 0.23828125 0.048828125 0.10677083333333333
0 0.75537109375 0.2571614583333333 0.0126953125 0.061197916666666664
0 0.86767578125 0.3196614583333333 0.0654296875 0.17838541666666666
0 0.97412109375 0.3626302083333333 0.0498046875 0.27734375
0 0.96923828125 0.3372395833333333 0.0361328125 0.2734375
1 0.025390625 0.3111979166666667 0.05078125 0.0859375
1 0.18115234375 0.4459635416666667 0.3623046875 0.36328125
1 0.51416015625 0.5462239583333334 0.7724609375 0.5559895833333334
