0 0.0498046875 0.31640625 0.041015625 0.052083333333333336
0 0.18994140625 0.2708333333333333 0.0615234375 0.13541666666666666
0 0.21484375 0.271484375 0.021484375 0.09505208333333333
0 0.7158203125 0.2766927083333333 0.046875 0.07942708333333333
0 0.8359375 0.291015625 0.046875 0.08203125
0 0.83544921875 0.24934895833333334 0.0302734375 0.037760416666666664
0 0.8798828125 0.26953125 0.05078125 0.07291666666666667
0 0.9345703125 0.2669270833333333 0.056640625 0.0625
0 0.92138671875 0.23307291666666666 0.0205078125 0.036458333333333336
0 0.95849609375 0.4309895833333333 0.0810546875 0.3880208333333333
0 0.95556640625 0.22721354166666666 0.0224609375 0.045572916666666664
1 0.1142578125 0.3828125 0.228515625 0.24739583333333334
1 0.50537109375 0.5149739583333334 0.8759765625 0.81640625
