0 0.173828125 0.754014598540146 0.087890625 0.3518248175182482
0 0.0625 0.7218978102189781 0.072265625 0.26423357664233577
0 0.37841796875 0.7613138686131387 0.0869140625 0.381021897810219
0 0.5244140625 0.8036496350364963 0.080078125 0.34890510948905107
0 0.56689453125 0.7708029197080292 0.0458984375 0.35912408759124087
0 0.5986328125 0.7693430656934307 0.099609375 0.43795620437956206
0 0.6591796875 0.8167883211678832 0.0625 0.2613138686131387
0 0.712890625 0.6583941605839416 0.044921875 0.10218978102189781
0 0.73974609375 0.6613138686131387 0.0263671875 0.10218978102189781
0 0.76318359375 0.6481751824817519 0.0107421875 0.07007299270072993
0 0.89501953125 0.7372262773722628 0.0556640625 0.21897810218978103
0 0.974609375 0.6737226277372262 0.048828125 0.17372262773722627
1 0.927734375 0.8605839416058394 0.142578125 0.2759124087591241
