0 0.09716796875 0.4538799414348463 0.1103515625 0.47144948755490484
1 0.48291015625 0.6120058565153733 0.6787109375 0.5915080527086384
0 0.0146484375 0.47291361639824303 0.029296875 0.2957540263543192
0 0.17919921875 0.4443631039531479 0.0537109375 0.28550512445095166
0 0.2353515625 0.349194729136164 0.0703125 0.25036603221083453
0 0.30224609375 0.3528550512445095 0.0732421875 0.15226939970717424
0 0.35791015625 0.36676427525622257 0.0302734375 0.09224011713030747
0 0.69580078125 0.3462664714494876 0.0517578125 0.12445095168374817
0 0.75439453125 0.36603221083455345 0.0654296875 0.1815519765739385
0 0.81982421875 0.3609077598828697 0.0361328125 0.16544655929721816
