1 0.33349609375 0.486090775988287 0.6572265625 0.5563689604685212
0 0.44970703125 0.48243045387994143 0.1572265625 0.6398243045387995
0 0.76025390625 0.24158125915080528 0.0244140625 0.08784773060029283
0 0.78125 0.2774524158125915 0.025390625 0.25036603221083453
0 0.81640625 0.28989751098096633 0.05078125 0.2518301610541728
0 0.9228515625 0.3089311859443631 0.103515625 0.26939970717423134
0 0.95068359375 0.24816983894582723 0.0244140625 0.1478770131771596
0 0.9697265625 0.23792093704245973 0.017578125 0.13323572474377746
0 0.97998046875 0.25988286969253294 0.0380859375 0.1683748169838946
1 0.6435546875 0.3162518301610542 0.2578125 0.31332357247437775
1 0.9404296875 0.2452415812591508 0.037109375 0.10980966325036604
