0 0.7109375 0.5323054331864905 0.0703125 0.24816446402349487
0 0.48046875 0.5330396475770925 0.05859375 0.24082232011747431
0 0.52880859375 0.5491923641703378 0.0498046875 0.2143906020558003
0 0.84716796875 0.8002936857562408 0.2900390625 0.3964757709251101
0 0.77001953125 0.5374449339207048 0.0341796875 0.20851688693098386
0 0.79931640625 0.4831130690161527 0.0517578125 0.2026431718061674
0 0.859375 0.5139500734214391 0.044921875 0.23788546255506607
0 0.90576171875 0.5565345080763583 0.0517578125 0.24669603524229075
0 0.94482421875 0.3891336270190896 0.0400390625 0.14096916299559473
1 0.43359375 0.49706314243759175 0.021484375 0.04552129221732746
