0 0.2529296875 0.16690962099125364 0.173828125 0.3338192419825073
1 0.49951171875 0.5510204081632653 0.8779296875 0.7842565597667639
0 0.025390625 0.2879008746355685 0.05078125 0.48250728862973763
0 0.033203125 0.06268221574344024 0.0625 0.12536443148688048
0 0.06494140625 0.1618075801749271 0.0498046875 0.12244897959183673
0 0.484375 0.141399416909621 0.193359375 0.282798833819242
0 0.5556640625 0.07215743440233237 0.078125 0.14431486880466474
0 0.7685546875 0.13556851311953352 0.13671875 0.27113702623906705
1 0.20458984375 0.2981049562682216 0.4091796875 0.48250728862973763
1 0.375 0.17711370262390672 0.125 0.13848396501457727
1 0.90283203125 0.1749271137026239 0.0830078125 0.07871720116618076
