1 0.1474609375 0.6338235294117647 0.09375 0.12352941176470589
0 0.919921875 0.6904411764705882 0.087890625 0.19852941176470587
1 0.21142578125 0.6139705882352942 0.0576171875 0.08088235294117647
1 0.34130859375 0.6191176470588236 0.0458984375 0.06764705882352941
1 0.3984375 0.6286764705882353 0.087890625 0.09852941176470588
1 0.45751953125 0.6198529411764706 0.0654296875 0.0838235294117647
1 0.5283203125 0.6338235294117647 0.11328125 0.10294117647058823
1 0.60400390625 0.6191176470588236 0.1005859375 0.10588235294117647
1 0.64208984375 0.6161764705882353 0.0498046875 0.058823529411764705
1 0.7255859375 0.6257352941176471 0.12890625 0.11029411764705882
1 0.7890625 0.6323529411764706 0.076171875 0.08235294117647059
1 0.771484375 0.586764705882353 0.033203125 0.008823529411764706
1 0.84912109375 0.6264705882352941 0.1044921875 0.08529411764705883
