1 0.43212890625 0.5555555555555556 0.8642578125 0.7111111111111111
0 0.5966796875 0.3784313725490196 0.125 0.1450980392156863
0 0.6875 0.3686274509803922 0.048828125 0.12026143790849673
0 0.76416015625 0.5699346405228758 0.1552734375 0.5464052287581699
1 0.14990234375 0.338562091503268 0.2509765625 0.15163398692810456
1 0.1796875 0.24836601307189543 0.056640625 0.023529411764705882
1 0.216796875 0.23986928104575164 0.029296875 0.011764705882352941
1 0.267578125 0.2411764705882353 0.0390625 0.0196078431372549
1 0.30615234375 0.238562091503268 0.0283203125 0.01699346405228758
1 0.33740234375 0.24052287581699347 0.0244140625 0.013071895424836602
1 0.36376953125 0.2529411764705882 0.0537109375 0.027450980392156862
1 0.470703125 0.23529411764705882 0.060546875 0.02091503267973856
1 0.71337890625 0.23398692810457516 0.0419921875 0.023529411764705882
