0 0.744140625 0.5389705882352941 0.23828125 0.9191176470588235
1 0.56103515625 0.5786764705882353 0.6982421875 0.7926470588235294
0 0.02392578125 0.1610294117647059 0.0107421875 0.025
0 0.1220703125 0.1860294117647059 0.021484375 0.09264705882352942
0 0.3193359375 0.763235294117647 0.072265625 0.047058823529411764
0 0.36962890625 0.6779411764705883 0.0380859375 0.07647058823529412
0 0.50439453125 0.7352941176470589 0.1318359375 0.19411764705882353
0 0.49462890625 0.325 0.0869140625 0.37941176470588234
0 0.5341796875 0.8669117647058824 0.02734375 0.10147058823529412
0 0.5791015625 0.8551470588235294 0.029296875 0.1161764705882353
1 0.044921875 0.2125 0.087890625 0.0838235294117647
1 0.09228515625 0.20588235294117646 0.0439453125 0.06764705882352941
1 0.12158203125 0.19191176470588237 0.0361328125 0.039705882352941174
1 0.1376953125 0.16470588235294117 0.025390625 0.029411764705882353
1 0.16015625 0.2051470588235294 0.064453125 0.06323529411764706
1 0.185546875 0.13970588235294118 0.017578125 0.020588235294117647
1 0.19775390625 0.17573529411764705 0.0302734375 0.039705882352941174
1 0.197265625 0.13308823529411765 0.009765625 0.013235294117647059
1 0.2197265625 0.1588235294117647 0.029296875 0.03529411764705882
1 0.23828125 0.1463235294117647 0.029296875 0.027941176470588237
1 0.23681640625 0.1264705882352941 0.0087890625 0.014705882352941176
1 0.27685546875 0.19191176470588237 0.0849609375 0.051470588235294115
1 0.24951171875 0.1375 0.0087890625 0.016176470588235296
1 0.275390625 0.15441176470588236 0.021484375 0.03235294117647059
1 0.27197265625 0.13014705882352942 0.0087890625 0.007352941176470588
1 0.279296875 0.12279411764705882 0.0078125 0.013235294117647059
1 0.287109375 0.14558823529411766 0.017578125 0.023529411764705882
1 0.29833984375 0.1411764705882353 0.0126953125 0.01764705882352941
1 0.31396484375 0.1610294117647059 0.0185546875 0.025
1 0.32568359375 0.1625 0.0146484375 0.022058823529411766
1 0.4287109375 0.3044117647058823 0.220703125 0.2323529411764706
1 0.35009765625 0.20441176470588235 0.0556640625 0.06764705882352941
1 0.34228515625 0.16470588235294117 0.0263671875 0.029411764705882353
1 0.541015625 0.24632352941176472 0.173828125 0.22794117647058823
1 0.6220703125 0.2073529411764706 0.0859375 0.05
1 0.81201171875 0.3382352941176471 0.3720703125 0.25882352941176473
