0 0.00439453125 0.841796875 0.0087890625 0.048177083333333336
0 0.02685546875 0.84765625 0.0458984375 0.059895833333333336
0 0.052734375 0.962890625 0.064453125 0.07161458333333333
0 0.52685546875 0.8092447916666666 0.0283203125 0.06380208333333333
0 0.6982421875 0.873046875 0.056640625 0.21223958333333334
0 0.73779296875 0.8645833333333334 0.0849609375 0.21614583333333334
0 0.72607421875 0.8684895833333334 0.0439453125 0.20833333333333334
1 0.22607421875 0.84765625 0.2216796875 0.15104166666666666
1 0.3291015625 0.8157552083333334 0.103515625 0.08984375
1 0.39453125 0.8111979166666666 0.091796875 0.0859375
1 0.89453125 0.8522135416666666 0.208984375 0.17578125
