1 0.4384765625 0.6058823529411764 0.720703125 0.4147058823529412
0 0.18798828125 0.4 0.0810546875 0.29411764705882354
0 0.248046875 0.35661764705882354 0.05859375 0.15441176470588236
0 0.31689453125 0.3536764705882353 0.0869140625 0.125
0 0.474609375 0.375 0.08203125 0.2735294117647059
0 0.57666015625 0.3889705882352941 0.0908203125 0.2867647058823529
0 0.7236328125 0.40808823529411764 0.05859375 0.2897058823529412
0 0.7607421875 0.42573529411764705 0.0625 0.2897058823529412
0 0.833984375 0.4764705882352941 0.11328125 0.49117647058823527
0 0.94873046875 0.4852941176470588 0.1005859375 0.47352941176470587
