1 0.1044921875 0.609375 0.20703125 0.28125
0 0.31494140625 0.6145833333333334 0.1083984375 0.375
0 0.31201171875 0.5240885416666666 0.0869140625 0.20703125
0 0.630859375 0.666015625 0.2265625 0.6653645833333334
1 0.22998046875 0.52734375 0.0830078125 0.09635416666666667
1 0.31005859375 0.5533854166666666 0.1435546875 0.16145833333333334
1 0.41064453125 0.4967447916666667 0.0693359375 0.06901041666666667
1 0.455078125 0.52734375 0.08203125 0.10677083333333333
1 0.7666015625 0.521484375 0.029296875 0.07161458333333333
1 0.765625 0.4694010416666667 0.01953125 0.014322916666666666
1 0.80419921875 0.482421875 0.0361328125 0.04296875
1 0.84521484375 0.5091145833333334 0.0458984375 0.0625
