0 0.0048828125 0.689453125 0.009765625 0.13932291666666666
0 0.2880859375 0.6373697916666666 0.021484375 0.08463541666666667
0 0.3603515625 0.5006510416666666 0.01171875 0.037760416666666664
0 0.375 0.4895833333333333 0.013671875 0.049479166666666664
0 0.48876953125 0.66015625 0.0498046875 0.1640625
0 0.56005859375 0.7115885416666666 0.0400390625 0.22526041666666666
0 0.67822265625 0.6399739583333334 0.0673828125 0.16276041666666666
1 0.02734375 0.6822916666666666 0.041015625 0.09114583333333333
1 0.0908203125 0.6790364583333334 0.150390625 0.17838541666666666
1 0.173828125 0.7200520833333334 0.177734375 0.24739583333333334
1 0.87451171875 0.8294270833333334 0.2490234375 0.3385416666666667
1 0.87744140625 0.7037760416666666 0.2431640625 0.19401041666666666
