0 0.85986328125 0.19921875 0.0849609375 0.2526041666666667
1 0.48046875 0.47265625 0.841796875 0.7265625
0 0.08984375 0.24934895833333334 0.1484375 0.4986979166666667
0 0.3408203125 0.16536458333333334 0.091796875 0.20833333333333334
0 0.4267578125 0.15364583333333334 0.11328125 0.203125
0 0.533203125 0.087890625 0.04296875 0.022135416666666668
0 0.6103515625 0.17317708333333334 0.08203125 0.19010416666666666
0 0.77587890625 0.09440104166666667 0.0556640625 0.07942708333333333
1 0.16845703125 0.23307291666666666 0.0517578125 0.09114583333333333
1 0.24365234375 0.22916666666666666 0.1357421875 0.10677083333333333
1 0.92626953125 0.212890625 0.0888671875 0.08203125
