1 0.423828125 0.4780380673499268 0.748046875 0.8038067349926794
0 0.05078125 0.32210834553440704 0.1015625 0.6442166910688141
0 0.126953125 0.18374816983894582 0.18359375 0.36749633967789164
0 0.2373046875 0.08565153733528551 0.087890625 0.17130307467057102
0 0.65283203125 0.0746705710102489 0.0556640625 0.1493411420204978
0 0.69091796875 0.09224011713030747 0.0400390625 0.18448023426061494
0 0.75927734375 0.053440702781844804 0.0361328125 0.10688140556368961
0 0.806640625 0.12445095168374817 0.076171875 0.24890190336749635
1 0.2578125 0.0636896046852123 0.15234375 0.1273792093704246
1 0.3681640625 0.095900439238653 0.20703125 0.191800878477306
1 0.625 0.05417276720351391 0.046875 0.10834553440702782
1 0.87255859375 0.16764275256222547 0.2509765625 0.33528550512445093
