0 0.04931640625 0.4136163982430454 0.0986328125 0.5080527086383602
0 0.732421875 0.12884333821376281 0.015625 0.06149341142020498
0 0.75048828125 0.12152269399707175 0.0166015625 0.06149341142020498
0 0.77099609375 0.15446559297218154 0.0458984375 0.11859443631039532
0 0.8046875 0.13177159590043924 0.044921875 0.14055636896046853
0 0.8271484375 0.2130307467057101 0.0390625 0.2767203513909224
0 0.85302734375 0.21522693997071743 0.0537109375 0.28989751098096633
0 0.89453125 0.19912152269399708 0.0390625 0.22840409956076135
0 0.9677734375 0.10248901903367497 0.029296875 0.043923865300146414
0 0.9755859375 0.12664714494875548 0.017578125 0.05124450951683748
0 0.98876953125 0.5541727672035139 0.0205078125 0.12152269399707175
1 0.47607421875 0.4260614934114202 0.6865234375 0.746705710102489
1 0.87158203125 0.18667642752562225 0.2412109375 0.14494875549048317
1 0.947265625 0.040995607613469986 0.103515625 0.08199121522693997
