0 0.0546875 0.4427083333333333 0.09375 0.5520833333333334
1 0.51318359375 0.5598958333333334 0.8134765625 0.6848958333333334
0 0.09130859375 0.3157552083333333 0.0419921875 0.18880208333333334
1 0.16455078125 0.2688802083333333 0.1416015625 0.07942708333333333
1 0.3056640625 0.25390625 0.13671875 0.078125
1 0.28076171875 0.21614583333333334 0.0517578125 0.044270833333333336
1 0.34228515625 0.21875 0.0908203125 0.041666666666666664
1 0.873046875 0.22265625 0.099609375 0.07291666666666667
1 0.95703125 0.22135416666666666 0.083984375 0.0703125
1 0.97314453125 0.779296875 0.0517578125 0.42578125
1 0.9833984375 0.263671875 0.03125 0.05078125
