0 0.06770833333333333 0.90625 0.13541666666666666 0.185546875
0 0.09700520833333333 0.923828125 0.13411458333333334 0.150390625
0 0.16341145833333334 0.86767578125 0.13932291666666666 0.2041015625
0 0.23697916666666666 0.8173828125 0.059895833333333336 0.138671875
0 0.2819010416666667 0.81787109375 0.055989583333333336 0.1337890625
0 0.3391927083333333 0.8525390625 0.06640625 0.173828125
0 0.3548177083333333 0.78271484375 0.03515625 0.0654296875
0 0.392578125 0.80712890625 0.05859375 0.1279296875
1 0.462890625 0.7783203125 0.07942708333333333 0.068359375
1 0.4791666666666667 0.79296875 0.08854166666666667 0.0546875
1 0.53515625 0.84765625 0.19270833333333334 0.1328125
1 0.7552083333333334 0.89794921875 0.4869791666666667 0.2021484375
