0 0.1796875 0.4765625 0.017578125 0.03125
0 0.2890625 0.484375 0.0390625 0.049479166666666664
0 0.3720703125 0.482421875 0.02734375 0.06380208333333333
0 0.615234375 0.486328125 0.029296875 0.09765625
0 0.6728515625 0.4934895833333333 0.03125 0.10677083333333333
0 0.69189453125 0.4661458333333333 0.0205078125 0.057291666666666664
0 0.77392578125 0.5169270833333334 0.0400390625 0.16927083333333334
0 0.80810546875 0.6536458333333334 0.1064453125 0.4427083333333333
0 0.88232421875 0.4947916666666667 0.0302734375 0.1015625
0 0.93994140625 0.4817708333333333 0.0283203125 0.07552083333333333
1 0.357421875 0.4544270833333333 0.048828125 0.0546875
1 0.48486328125 0.5651041666666666 0.1923828125 0.2838541666666667
