0 0.75146484375 0.5761346998535871 0.0732421875 0.3001464128843338
0 0.2353515625 0.6903367496339677 0.115234375 0.4465592972181552
0 0.291015625 0.49633967789165445 0.0546875 0.09956076134699854
0 0.39013671875 0.48535871156661786 0.0556640625 0.14202049780380674
0 0.41845703125 0.5175695461200586 0.0283203125 0.060029282576866766
0 0.49951171875 0.6603221083455344 0.1220703125 0.45973645680819913
0 0.55615234375 0.5351390922401171 0.0830078125 0.2972181551976574
0 0.61279296875 0.6295754026354319 0.0712890625 0.2020497803806735
0 0.64501953125 0.5475841874084919 0.0771484375 0.3308931185944363
0 0.69775390625 0.5446559297218155 0.0458984375 0.2518301610541728
1 0.88232421875 0.5007320644216691 0.0458984375 0.03806734992679356
