0 0.9306640625 0.5333333333333333 0.091796875 0.27708333333333335
0 0.07080078125 0.49114583333333334 0.0380859375 0.11354166666666667
0 0.10302734375 0.48541666666666666 0.0224609375 0.07916666666666666
0 0.14013671875 0.4828125 0.0244140625 0.07395833333333333
0 0.7041015625 0.48125 0.025390625 0.06041666666666667
0 0.73046875 0.484375 0.02734375 0.08541666666666667
0 0.80419921875 0.4890625 0.0361328125 0.134375
1 0.18603515625 0.5244791666666667 0.1103515625 0.11770833333333333
1 0.3095703125 0.51875 0.19140625 0.19583333333333333
1 0.51904296875 0.46822916666666664 0.0615234375 0.04479166666666667
1 0.5849609375 0.46822916666666664 0.033203125 0.034375
1 0.65576171875 0.4666666666666667 0.0556640625 0.0375
