0 0.24365234375 0.180835734870317 0.1591796875 0.13688760806916425
0 0.22509765625 0.8703170028818443 0.0341796875 0.10662824207492795
0 0.24365234375 0.9135446685878963 0.0341796875 0.16714697406340057
0 0.38818359375 0.2521613832853026 0.1748046875 0.26512968299711814
0 0.40283203125 0.32132564841498557 0.0888671875 0.39481268011527376
0 0.6396484375 0.3688760806916426 0.232421875 0.35446685878962536
0 0.5712890625 0.8969740634005764 0.048828125 0.20028818443804033
0 0.609375 0.9322766570605188 0.02734375 0.12968299711815562
0 0.638671875 0.920749279538905 0.041015625 0.15273775216138327
0 0.67919921875 0.8602305475504323 0.0380859375 0.07780979827089338
0 0.67919921875 0.9344380403458213 0.0302734375 0.12536023054755044
0 0.716796875 0.8868876080691642 0.05078125 0.0994236311239193
0 0.8095703125 0.9063400576368876 0.0546875 0.06051873198847262
1 0.12646484375 0.9257925072046109 0.2333984375 0.14265129682997119
1 0.8740234375 0.9394812680115274 0.248046875 0.11527377521613832
