1 0.2947761194029851 0.146484375 0.23880597014925373 0.1171875
0 0.27238805970149255 0.5927734375 0.04477611940298507 0.07421875
0 0.35261194029850745 0.62451171875 0.11567164179104478 0.1533203125
0 0.43159203980099503 0.85302734375 0.09950248756218906 0.1201171875
0 0.5373134328358209 0.3837890625 0.08955223880597014 0.08203125
0 0.5373134328358209 0.85009765625 0.05721393034825871 0.0966796875
0 0.6069651741293532 0.84375 0.0472636815920398 0.076171875
0 0.6480099502487562 0.38037109375 0.07462686567164178 0.0927734375
0 0.6405472636815921 0.84228515625 0.024875621890547265 0.0693359375
0 0.7027363184079602 0.12255859375 0.05472636815920398 0.0439453125
0 0.7176616915422885 0.3740234375 0.06218905472636816 0.076171875
0 0.7854477611940298 0.3720703125 0.05099502487562189 0.06640625
0 0.8072139303482587 0.14306640625 0.0845771144278607 0.0927734375
0 0.8271144278606966 0.37060546875 0.03482587064676617 0.0634765625
0 0.888681592039801 0.3662109375 0.033582089552238806 0.0546875
0 0.9247512437810945 0.3642578125 0.01616915422885572 0.046875
1 0.2879353233830846 0.3720703125 0.17288557213930347 0.12109375
1 0.6977611940298507 0.60595703125 0.03233830845771144 0.0205078125
1 0.7798507462686567 0.6357421875 0.13930348258706468 0.07421875
