0 0.66845703125 0.6328125 0.0439453125 0.203125
1 0.05078125 0.7291666666666666 0.1015625 0.20833333333333334
1 0.05517578125 0.6015625 0.1103515625 0.06770833333333333
1 0.1650390625 0.5868055555555556 0.109375 0.0763888888888889
1 0.43212890625 0.5572916666666666 0.0322265625 0.05555555555555555
1 0.46044921875 0.5555555555555556 0.0439453125 0.059027777777777776
1 0.5283203125 0.640625 0.111328125 0.1840277777777778
1 0.59765625 0.5720486111111112 0.109375 0.0642361111111111
1 0.6982421875 0.5607638888888888 0.064453125 0.06944444444444445
1 0.98095703125 0.5607638888888888 0.0361328125 0.06944444444444445
