0 0.25048828125 0.6483113069016153 0.0400390625 0.19236417033773862
1 0.88623046875 0.776064610866373 0.2158203125 0.34801762114537443
0 0.01025390625 0.6152716593245228 0.0205078125 0.055800293685756244
0 0.02392578125 0.6071953010279001 0.0146484375 0.033773861967694566
0 0.04248046875 0.644640234948605 0.0517578125 0.18208516886930984
0 0.09814453125 0.5616740088105727 0.0107421875 0.039647577092511016
0 0.11767578125 0.5631424375917768 0.0146484375 0.03671071953010279
0 0.16796875 0.5991189427312775 0.017578125 0.0763582966226138
0 0.30078125 0.6417033773861968 0.044921875 0.18502202643171806
0 0.96826171875 0.5925110132158591 0.0244140625 0.033773861967694566
1 0.44482421875 0.643906020558003 0.1552734375 0.10719530102790015
