0 0.021484375 0.41555555555555557 0.04296875 0.6414814814814814
0 0.068359375 0.2851851851851852 0.123046875 0.44592592592592595
0 0.328125 0.20666666666666667 0.01171875 0.04
0 0.337890625 0.2037037037037037 0.017578125 0.04888888888888889
0 0.359375 0.19185185185185186 0.013671875 0.04888888888888889
0 0.39453125 0.18592592592592594 0.01953125 0.04296296296296296
0 0.4345703125 0.15851851851851853 0.095703125 0.13333333333333333
0 0.82861328125 0.22444444444444445 0.0322265625 0.054814814814814816
1 0.1728515625 0.37777777777777777 0.31640625 0.3585185185185185
1 0.48974609375 0.5162962962962963 0.9462890625 0.8962962962962963
