1 0.9114774114774115 0.61474609375 0.15506715506715507 0.1923828125
0 0.13553113553113552 0.56201171875 0.05372405372405373 0.0419921875
0 0.37484737484737485 0.57421875 0.2661782661782662 0.169921875
0 0.43345543345543347 0.51123046875 0.18803418803418803 0.1298828125
0 0.5659340659340659 0.52880859375 0.1111111111111111 0.1884765625
0 0.6666666666666666 0.55078125 0.19291819291819293 0.23828125
0 0.7857142857142857 0.55419921875 0.12332112332112333 0.2275390625
1 0.054945054945054944 0.69189453125 0.10989010989010989 0.2998046875
1 0.2026862026862027 0.67236328125 0.231990231990232 0.1611328125
1 0.36446886446886445 0.599609375 0.36752136752136755 0.09375
