0 0.7939453125 0.78564453125 0.083984375 0.2158203125
1 0.21240234375 0.82421875 0.3525390625 0.21484375
0 0.53076171875 0.70361328125 0.0205078125 0.0478515625
0 0.73779296875 0.79052734375 0.0576171875 0.1826171875
0 0.796875 0.69384765625 0.015625 0.0126953125
0 0.810546875 0.71630859375 0.025390625 0.0576171875
0 0.84228515625 0.69140625 0.0107421875 0.029296875
0 0.892578125 0.689453125 0.029296875 0.025390625
1 0.072265625 0.90966796875 0.134765625 0.1474609375
1 0.421875 0.69775390625 0.05859375 0.0341796875
