0 0.38623046875 0.5505124450951684 0.1337890625 0.6383601756954612
1 0.13525390625 0.5629575402635432 0.2705078125 0.3557833089311859
0 0.1181640625 0.38433382137628114 0.009765625 0.024890190336749635
0 0.14892578125 0.4158125915080527 0.0205078125 0.040995607613469986
0 0.28125 0.45168374816983897 0.041015625 0.13616398243045388
0 0.27587890625 0.45021961932650073 0.0205078125 0.13323572474377746
0 0.46240234375 0.438506588579795 0.0166015625 0.09809663250366032
0 0.47119140625 0.45241581259150804 0.0283203125 0.12884333821376281
0 0.50390625 0.4480234260614934 0.033203125 0.1376281112737921
0 0.65478515625 0.47291361639824303 0.0087890625 0.04685212298682284
0 0.94140625 0.4538799414348463 0.01953125 0.07027818448023426
