0 0.197265625 0.36083984375 0.08203125 0.1494140625
0 0.3697916666666667 0.5263671875 0.2604166666666667 0.19921875
0 0.3717447916666667 0.43896484375 0.19140625 0.3193359375
0 0.306640625 0.3369140625 0.029947916666666668 0.078125
0 0.3294270833333333 0.330078125 0.033854166666666664 0.060546875
0 0.5748697916666666 0.32568359375 0.16015625 0.2080078125
0 0.8723958333333334 0.43701171875 0.2109375 0.4306640625
0 0.91796875 0.29931640625 0.028645833333333332 0.0224609375
0 0.9759114583333334 0.39208984375 0.045572916666666664 0.2294921875
0 0.9733072916666666 0.27978515625 0.029947916666666668 0.0673828125
0 0.9986979166666666 0.39697265625 0.0 0.2392578125
1 0.4915364583333333 0.591796875 0.9830729166666666 0.71875
