0 0.0478515625 0.2562043795620438 0.0546875 0.17664233576642335
0 0.1240234375 0.39854014598540144 0.09765625 0.3357664233576642
0 0.19384765625 0.36642335766423356 0.0693359375 0.33284671532846716
0 0.2626953125 0.05401459854014599 0.0546875 0.10802919708029197
0 0.3544921875 0.23138686131386862 0.08203125 0.17372262773722627
0 0.38525390625 0.28613138686131384 0.0556640625 0.08467153284671533
0 0.39892578125 0.21751824817518248 0.0595703125 0.18686131386861313
0 0.4423828125 0.20583941605839415 0.06640625 0.181021897810219
0 0.50048828125 0.19708029197080293 0.0498046875 0.19854014598540146
0 0.58544921875 0.22992700729927007 0.0458984375 0.13576642335766423
0 0.62548828125 0.20656934306569344 0.0498046875 0.10948905109489052
0 0.650390625 0.2708029197080292 0.09375 0.2116788321167883
0 0.83154296875 0.2021897810218978 0.0654296875 0.2029197080291971
0 0.93603515625 0.18321167883211678 0.1123046875 0.2291970802919708
1 0.4892578125 0.4291970802919708 0.62890625 0.2773722627737226
