1 0.8623046875 0.8191176470588235 0.25390625 0.3
0 0.04345703125 0.36764705882352944 0.0283203125 0.17352941176470588
0 0.09228515625 0.35294117647058826 0.0380859375 0.18529411764705883
0 0.208984375 0.549264705882353 0.041015625 0.21911764705882353
0 0.20458984375 0.33455882352941174 0.0185546875 0.10441176470588236
0 0.24365234375 0.3426470588235294 0.0400390625 0.13529411764705881
0 0.27294921875 0.5602941176470588 0.0302734375 0.17647058823529413
0 0.306640625 0.32279411764705884 0.03125 0.12794117647058822
0 0.30859375 0.5051470588235294 0.03515625 0.17794117647058824
0 0.3720703125 0.5029411764705882 0.029296875 0.19705882352941176
0 0.39208984375 0.4404411764705882 0.0302734375 0.051470588235294115
0 0.41552734375 0.524264705882353 0.0537109375 0.18676470588235294
0 0.42236328125 0.18161764705882352 0.0244140625 0.1338235294117647
0 0.42431640625 0.42426470588235293 0.0205078125 0.051470588235294115
0 0.43798828125 0.41102941176470587 0.0224609375 0.051470588235294115
0 0.4453125 0.18088235294117647 0.029296875 0.17647058823529413
0 0.45849609375 0.4676470588235294 0.0419921875 0.07941176470588235
0 0.568359375 0.3286764705882353 0.029296875 0.13676470588235295
0 0.595703125 0.31470588235294117 0.021484375 0.15588235294117647
0 0.63427734375 0.2301470588235294 0.0400390625 0.057352941176470586
0 0.63427734375 0.30367647058823527 0.0400390625 0.14558823529411766
0 0.646484375 0.5022058823529412 0.04296875 0.18382352941176472
0 0.65771484375 0.33455882352941174 0.0380859375 0.07205882352941176
0 0.6767578125 0.27647058823529413 0.044921875 0.11764705882352941
0 0.69921875 0.44485294117647056 0.021484375 0.03676470588235294
0 0.71826171875 0.5058823529411764 0.0322265625 0.14411764705882352
0 0.73095703125 0.5389705882352941 0.0263671875 0.1338235294117647
0 0.75927734375 0.5544117647058824 0.0263671875 0.19411764705882353
0 0.82177734375 0.45955882352941174 0.0537109375 0.075
0 0.83837890625 0.42573529411764705 0.0341796875 0.09264705882352942
0 0.8896484375 0.4411764705882353 0.056640625 0.07352941176470588
1 0.51318359375 0.6147058823529412 0.2431640625 0.24705882352941178
1 0.60888671875 0.8830882352941176 0.3037109375 0.23088235294117648
1 0.69140625 0.1625 0.1796875 0.21911764705882353
1 0.88818359375 0.6235294117647059 0.2216796875 0.3264705882352941
1 0.892578125 0.04779411764705882 0.15625 0.09264705882352942
1 0.97509765625 0.5161764705882353 0.0478515625 0.08235294117647059
1 0.99365234375 0.1610294117647059 0.0107421875 0.07205882352941176
