0 0.146484375 0.6953125 0.029296875 0.078125
0 0.32080078125 0.826171875 0.0732421875 0.21484375
0 0.36328125 0.7936197916666666 0.0546875 0.17057291666666666
0 0.41357421875 0.7799479166666666 0.0439453125 0.18229166666666666
0 0.53857421875 0.7317708333333334 0.0361328125 0.11979166666666667
0 0.5673828125 0.83203125 0.0625 0.20833333333333334
0 0.56298828125 0.7005208333333334 0.0263671875 0.06770833333333333
0 0.5654296875 0.72265625 0.021484375 0.07291666666666667
0 0.61767578125 0.8274739583333334 0.0517578125 0.22005208333333334
0 0.66796875 0.802734375 0.048828125 0.20442708333333334
0 0.7158203125 0.8111979166666666 0.060546875 0.22135416666666666
0 0.72265625 0.8046875 0.060546875 0.16927083333333334
0 0.7919921875 0.8059895833333334 0.046875 0.17708333333333334
0 0.8955078125 0.779296875 0.048828125 0.15755208333333334
0 0.908203125 0.779296875 0.064453125 0.14973958333333334
0 0.9736328125 0.8248697916666666 0.048828125 0.24348958333333334
0 0.98828125 0.9342447916666666 0.01953125 0.053385416666666664
1 0.11279296875 0.8072916666666666 0.2255859375 0.234375
