0 0.07421875 0.22114402451481102 0.029296875 0.07660878447395301
0 0.09912109375 0.23442288049029622 0.0244140625 0.04187946884576098
0 0.14208984375 0.22420837589376916 0.0283203125 0.045965270684371805
0 0.34912109375 0.5178753830439223 0.2412109375 0.9622063329928499
0 0.60986328125 0.5117466802860061 0.2978515625 0.9744637385086823
0 0.7021484375 0.21195097037793667 0.005859375 0.033707865168539325
0 0.76123046875 0.2686414708886619 0.0830078125 0.32073544433094997
0 0.8330078125 0.3345250255362615 0.080078125 0.2257405515832482
0 0.884765625 0.23391215526046988 0.01953125 0.07150153217568948
0 0.9072265625 0.23442288049029622 0.0234375 0.045965270684371805
0 0.92236328125 0.24974463738508682 0.0126953125 0.054136874361593465
0 0.9833984375 0.41062308478038817 0.03125 0.15934627170582227
1 0.4990234375 0.5301327885597549 0.873046875 0.6108273748723186
