0 0.08544921875 0.5245535714285714 0.0771484375 0.12946428571428573
0 0.205078125 0.5044642857142857 0.10546875 0.06845238095238096
0 0.32861328125 0.4851190476190476 0.0361328125 0.10119047619047619
0 0.5146484375 0.8199404761904762 0.13671875 0.35714285714285715
0 0.57666015625 0.49181547619047616 0.0986328125 0.11160714285714286
0 0.69140625 0.6190476190476191 0.10546875 0.37797619047619047
0 0.76220703125 0.7157738095238095 0.1142578125 0.5654761904761905
0 0.88232421875 0.6324404761904762 0.0927734375 0.35714285714285715
0 0.96630859375 0.5558035714285714 0.0634765625 0.2931547619047619
1 0.23291015625 0.6510416666666666 0.4658203125 0.5699404761904762
