0 0.00830078125 0.32697947214076245 0.0166015625 0.21114369501466276
0 0.04150390625 0.3189149560117302 0.0693359375 0.22727272727272727
0 0.05810546875 0.2631964809384164 0.0283203125 0.08357771260997067
0 0.06640625 0.28152492668621704 0.0234375 0.11436950146627566
0 0.1513671875 0.31378299120234604 0.091796875 0.26099706744868034
0 0.1328125 0.22434017595307917 0.013671875 0.017595307917888565
0 0.1884765625 0.24413489736070382 0.021484375 0.04252199413489736
0 0.20947265625 0.26099706744868034 0.0263671875 0.07917888563049853
0 0.220703125 0.2250733137829912 0.01171875 0.02785923753665689
0 0.240234375 0.26759530791788855 0.037109375 0.08064516129032258
0 0.248046875 0.22727272727272727 0.021484375 0.03519061583577713
0 0.2822265625 0.2529325513196481 0.03125 0.08944281524926687
0 0.3076171875 0.30425219941348974 0.0625 0.23313782991202345
0 0.35986328125 0.25219941348973607 0.0205078125 0.04985337243401759
0 0.3935546875 0.2756598240469208 0.080078125 0.17595307917888564
0 0.48095703125 0.2661290322580645 0.1064453125 0.1217008797653959
0 0.51513671875 0.25 0.1005859375 0.10410557184750734
0 0.52294921875 0.23607038123167157 0.0341796875 0.06451612903225806
0 0.55078125 0.26099706744868034 0.021484375 0.09090909090909091
0 0.62158203125 0.22434017595307917 0.0244140625 0.06158357771260997
0 0.6240234375 0.2118768328445748 0.009765625 0.01906158357771261
0 0.71142578125 0.23387096774193547 0.0380859375 0.06304985337243402
0 0.732421875 0.23093841642228738 0.03125 0.0689149560117302
0 0.7607421875 0.2280058651026393 0.025390625 0.0718475073313783
0 0.78125 0.2280058651026393 0.021484375 0.039589442815249266
0 0.81982421875 0.23093841642228738 0.0283203125 0.054252199413489736
0 0.82421875 0.24193548387096775 0.03515625 0.08797653958944282
0 0.91552734375 0.35410557184750735 0.0673828125 0.27712609970674484
0 0.9443359375 0.23460410557184752 0.02734375 0.07331378299120235
0 0.94384765625 0.28079178885630496 0.0185546875 0.17155425219941348
0 0.98193359375 0.25219941348973607 0.0205078125 0.03812316715542522
1 0.12353515625 0.5696480938416423 0.2470703125 0.29765395894428154
1 0.5400390625 0.5630498533724341 0.828125 0.49853372434017595
1 0.234375 0.3709677419354839 0.1171875 0.1348973607038123
1 0.44091796875 0.2602639296187683 0.0537109375 0.04838709677419355
1 0.56884765625 0.24486803519061584 0.0830078125 0.08211143695014662
1 0.71240234375 0.34750733137829914 0.2548828125 0.1348973607038123
1 0.78662109375 0.32991202346041054 0.2001953125 0.12903225806451613
1 0.9697265625 0.41055718475073316 0.05859375 0.1348973607038123
