0 0.02392578125 0.6007751937984496 0.0478515625 0.22790697674418606
0 0.1767578125 0.5589147286821705 0.037109375 0.15348837209302327
0 0.234375 0.5472868217054263 0.013671875 0.06201550387596899
0 0.28076171875 0.4682170542635659 0.0263671875 0.046511627906976744
0 0.48828125 0.610077519379845 0.064453125 0.2372093023255814
0 0.5556640625 0.5899224806201551 0.046875 0.21550387596899226
0 0.6044921875 0.5325581395348837 0.029296875 0.11627906976744186
0 0.64208984375 0.6007751937984496 0.0400390625 0.17209302325581396
0 0.80517578125 0.603875968992248 0.0380859375 0.13488372093023257
1 0.88916015625 0.6023255813953489 0.0869140625 0.09767441860465116
