0 0.443359375 0.552734375 0.05078125 0.099609375
1 0.4928385416666667 0.5205078125 0.029947916666666668 0.021484375
1 0.4928385416666667 0.51513671875 0.024739583333333332 0.0166015625
1 0.5651041666666666 0.529296875 0.09114583333333333 0.052734375
1 0.6321614583333334 0.51171875 0.04296875 0.0234375
1 0.64453125 0.51708984375 0.03125 0.0205078125
1 0.673828125 0.52685546875 0.07682291666666667 0.0517578125
1 0.8977864583333334 0.68994140625 0.20182291666666666 0.2138671875
1 0.8567708333333334 0.5361328125 0.109375 0.044921875
1 0.9375 0.54638671875 0.12239583333333333 0.0478515625
