0 0.96142578125 0.3424479166666667 0.0673828125 0.28125
0 0.7509765625 0.3014322916666667 0.041015625 0.16796875
0 0.78515625 0.294921875 0.02734375 0.16276041666666666
0 0.84912109375 0.21028645833333334 0.0341796875 0.10026041666666667
0 0.89208984375 0.22786458333333334 0.0244140625 0.044270833333333336
0 0.91455078125 0.197265625 0.0166015625 0.048177083333333336
1 0.72802734375 0.16666666666666666 0.0224609375 0.020833333333333332
1 0.779296875 0.1484375 0.0546875 0.03125
1 0.794921875 0.16731770833333334 0.03125 0.029947916666666668
1 0.82080078125 0.189453125 0.0478515625 0.05859375
1 0.8525390625 0.21028645833333334 0.0546875 0.06901041666666667
