0 0.86474609375 0.6142020497803806 0.1083984375 0.493411420204978
0 0.185546875 0.6412884333821376 0.171875 0.7144948755490483
0 0.34716796875 0.5739385065885798 0.1201171875 0.33382137628111275
0 0.60986328125 0.40995607613469986 0.0302734375 0.07906295754026355
0 0.6337890625 0.42093704245973645 0.033203125 0.08638360175695461
0 0.689453125 0.46266471449487556 0.041015625 0.13469985358711567
0 0.72119140625 0.4582723279648609 0.0263671875 0.16398243045387995
0 0.7490234375 0.46925329428989754 0.033203125 0.17715959004392387
0 0.8681640625 0.4224011713030747 0.037109375 0.07759882869692533
0 0.9287109375 0.4765739385065886 0.044921875 0.2005856515373353
0 0.98876953125 0.45973645680819913 0.0205078125 0.1815519765739385
1 0.57568359375 0.6017569546120058 0.4326171875 0.49487554904831627
