0 0.92138671875 0.4568081991215227 0.1005859375 0.4802342606149341
0 0.0439453125 0.2796486090775988 0.07421875 0.1903367496339678
0 0.154296875 0.5468521229868228 0.171875 0.513909224011713
0 0.26953125 0.29941434846266474 0.05859375 0.2240117130307467
0 0.390625 0.8030746705710102 0.27734375 0.39092240117130306
0 0.50732421875 0.568814055636896 0.1611328125 0.5373352855051244
0 0.56884765625 0.3367496339677892 0.0693359375 0.3162518301610542
0 0.6201171875 0.1910688140556369 0.029296875 0.10102489019033675
0 0.64697265625 0.18667642752562225 0.0322265625 0.07174231332357248
0 0.73193359375 0.19399707174231332 0.0263671875 0.11566617862371889
0 0.8427734375 0.46046852122986826 0.091796875 0.3616398243045388
0 0.95068359375 0.20131771595900438 0.0419921875 0.11859443631039532
0 0.96826171875 0.46266471449487556 0.0615234375 0.37774524158125916
1 0.20361328125 0.13250366032210834 0.0322265625 0.021961932650073207
1 0.28662109375 0.13250366032210834 0.0400390625 0.021961932650073207
1 0.30859375 0.12518301610541727 0.0234375 0.016105417276720352
1 0.32861328125 0.12518301610541727 0.0126953125 0.016105417276720352
1 0.34619140625 0.1295754026354319 0.0087890625 0.016105417276720352
1 0.37353515625 0.1822840409956076 0.0615234375 0.060029282576866766
