0 0.0458984375 0.16691068814055637 0.029296875 0.1259150805270864
0 0.0986328125 0.13616398243045388 0.025390625 0.06442166910688141
0 0.1962890625 0.1383601756954612 0.017578125 0.03953147877013177
0 0.1962890625 0.11420204978038068 0.015625 0.032210834553440704
0 0.2763671875 0.1398243045387994 0.0625 0.17130307467057102
0 0.544921875 0.22986822840409957 0.02734375 0.07320644216691069
0 0.58740234375 0.116398243045388 0.0263671875 0.024890190336749635
0 0.64111328125 0.13323572474377746 0.0087890625 0.03806734992679356
0 0.69091796875 0.16910688140556368 0.0673828125 0.18301610541727673
0 0.818359375 0.09736456808199122 0.01953125 0.05124450951683748
0 0.828125 0.13543191800878476 0.03125 0.10688140556368961
1 0.0234375 0.15885797950219618 0.046875 0.08931185944363104
1 0.50244140625 0.4670571010248902 0.9580078125 0.7759882869692533
1 0.138671875 0.17789165446559296 0.12890625 0.10102489019033675
1 0.7724609375 0.34773060029282576 0.453125 0.31478770131771594
1 0.9619140625 0.22913616398243045 0.07421875 0.060029282576866766
