1 0.50048828125 0.7891654465592972 0.2041015625 0.2547584187408492
0 0.0576171875 0.5710102489019033 0.015625 0.06734992679355783
0 0.09912109375 0.609809663250366 0.0263671875 0.06881405563689605
0 0.31591796875 0.8674963396778916 0.0380859375 0.09224011713030747
0 0.35693359375 0.9128843338213762 0.0380859375 0.13616398243045388
0 0.38916015625 0.3206442166910688 0.0224609375 0.05856515373352855
0 0.4267578125 0.13250366032210834 0.021484375 0.08345534407027819
0 0.43994140625 0.554904831625183 0.0224609375 0.0527086383601757
0 0.4619140625 0.5907759882869692 0.025390625 0.10395314787701318
0 0.51220703125 0.5322108345534406 0.0400390625 0.08638360175695461
1 0.68359375 0.6866764275256223 0.23828125 0.2430453879941435
