1 0.92578125 0.7448830409356725 0.146484375 0.48391812865497075
0 0.03759765625 0.31140350877192985 0.0751953125 0.13450292397660818
0 0.22314453125 0.5716374269005848 0.0576171875 0.17543859649122806
0 0.35986328125 0.5190058479532164 0.0263671875 0.08187134502923976
0 0.43701171875 0.5153508771929824 0.0205078125 0.08333333333333333
0 0.50341796875 0.5080409356725146 0.0302734375 0.08333333333333333
0 0.5390625 0.5285087719298246 0.02734375 0.09502923976608187
0 0.58447265625 0.6111111111111112 0.0810546875 0.22807017543859648
0 0.65087890625 0.6681286549707602 0.0458984375 0.29239766081871343
0 0.69140625 0.6695906432748538 0.115234375 0.34502923976608185
0 0.712890625 0.5416666666666666 0.029296875 0.08333333333333333
0 0.7626953125 0.49415204678362573 0.025390625 0.09064327485380116
0 0.7822265625 0.5095029239766082 0.03125 0.07456140350877193
1 0.4013671875 0.5219298245614035 0.064453125 0.08187134502923976
1 0.55810546875 0.5036549707602339 0.0380859375 0.054093567251461985
1 0.6181640625 0.5453216374269005 0.072265625 0.14327485380116958
1 0.70458984375 0.5241228070175439 0.0927734375 0.10087719298245613
1 0.794921875 0.5190058479532164 0.037109375 0.07017543859649122
1 0.98095703125 0.4992690058479532 0.0361328125 0.04239766081871345
