0 0.01953125 0.029411764705882353 0.013671875 0.058823529411764705
0 0.03369140625 0.030882352941176472 0.0166015625 0.061764705882352944
0 0.466796875 0.3125 0.05078125 0.19558823529411765
0 0.47802734375 0.17352941176470588 0.0185546875 0.029411764705882353
0 0.501953125 0.18161764705882352 0.033203125 0.04852941176470588
0 0.5478515625 0.29926470588235293 0.0625 0.18088235294117647
0 0.63134765625 0.31176470588235294 0.0556640625 0.16470588235294117
0 0.64111328125 0.11764705882352941 0.0224609375 0.07058823529411765
0 0.7861328125 0.11470588235294117 0.013671875 0.03235294117647059
1 0.03466796875 0.15808823529411764 0.0693359375 0.12205882352941176
1 0.19384765625 0.20955882352941177 0.2587890625 0.15441176470588236
1 0.2666015625 0.0625 0.083984375 0.054411764705882354
1 0.52392578125 0.26323529411764707 0.1591796875 0.17647058823529413
1 0.5654296875 0.10955882352941176 0.03125 0.060294117647058824
1 0.673828125 0.13088235294117648 0.095703125 0.05588235294117647
1 0.8310546875 0.14338235294117646 0.1171875 0.08088235294117647
1 0.89453125 0.14705882352941177 0.0234375 0.05
1 0.9560546875 0.16323529411764706 0.0859375 0.07058823529411765
