0 0.4912109375 0.5227864583333334 0.130859375 0.5377604166666666
0 0.2353515625 0.521484375 0.142578125 0.48828125
0 0.7451171875 0.5423177083333334 0.1640625 0.6549479166666666
0 0.875 0.3294270833333333 0.0234375 0.07552083333333333
0 0.939453125 0.4147135416666667 0.037109375 0.20182291666666666
0 0.962890625 0.4459635416666667 0.0390625 0.13932291666666666
1 0.10400390625 0.4563802083333333 0.2060546875 0.18619791666666666
1 0.04443359375 0.33984375 0.0849609375 0.07552083333333333
1 0.1640625 0.3509114583333333 0.111328125 0.07682291666666667
1 0.66162109375 0.337890625 0.1162109375 0.13411458333333334
