0 0.275390625 0.5809037900874635 0.048828125 0.19970845481049562
0 0.0498046875 0.5371720116618076 0.0625 0.16763848396501457
0 0.095703125 0.49854227405247814 0.02734375 0.13994169096209913
0 0.13330078125 0.5014577259475219 0.0322265625 0.13994169096209913
0 0.1591796875 0.46938775510204084 0.017578125 0.13119533527696792
0 0.185546875 0.46647230320699706 0.03125 0.11661807580174927
0 0.21875 0.5123906705539358 0.029296875 0.15014577259475217
0 0.23828125 0.5481049562682215 0.037109375 0.1661807580174927
0 0.34228515625 0.5677842565597667 0.0439453125 0.17346938775510204
0 0.3876953125 0.5867346938775511 0.037109375 0.18221574344023322
0 0.46826171875 0.5736151603498543 0.0400390625 0.22011661807580174
0 0.4814453125 0.5823615160349854 0.041015625 0.19970845481049562
0 0.53515625 0.6355685131195336 0.060546875 0.21574344023323616
0 0.54150390625 0.6056851311953353 0.0439453125 0.22886297376093295
0 0.580078125 0.5823615160349854 0.0234375 0.19970845481049562
0 0.61083984375 0.5692419825072886 0.0478515625 0.1967930029154519
0 0.65576171875 0.5502915451895044 0.0380859375 0.17638483965014579
0 0.7041015625 0.532069970845481 0.03125 0.15160349854227406
0 0.76220703125 0.7441690962099126 0.0498046875 0.2988338192419825
0 0.755859375 0.489067055393586 0.029296875 0.06851311953352769
0 0.77490234375 0.4737609329446064 0.0361328125 0.0728862973760933
0 0.7890625 0.5969387755102041 0.046875 0.10349854227405247
0 0.8134765625 0.6588921282798834 0.0546875 0.12244897959183673
0 0.8056640625 0.4467930029154519 0.017578125 0.08892128279883382
0 0.8212890625 0.575801749271137 0.033203125 0.13411078717201166
0 0.82666015625 0.4395043731778426 0.0224609375 0.0597667638483965
0 0.91259765625 0.6290087463556852 0.1513671875 0.1326530612244898
0 0.9228515625 0.7784256559766763 0.07421875 0.10204081632653061
0 0.9052734375 0.6122448979591837 0.03125 0.16326530612244897
0 0.9375 0.5889212827988338 0.046875 0.15743440233236153
0 0.9443359375 0.6275510204081632 0.048828125 0.1151603498542274
0 0.9775390625 0.6333819241982507 0.041015625 0.1151603498542274
0 0.98388671875 0.5123906705539358 0.0283203125 0.07142857142857142
0 0.98583984375 0.564868804664723 0.0244140625 0.08892128279883382
1 0.841796875 0.5422740524781341 0.26953125 0.1749271137026239
1 0.876953125 0.827259475218659 0.2421875 0.29300291545189505
