0 0.0302734375 0.697265625 0.05078125 0.14453125
0 0.2177734375 0.650390625 0.05078125 0.17838541666666666
0 0.41064453125 0.564453125 0.0244140625 0.061197916666666664
0 0.732421875 0.671875 0.04296875 0.15625
1 0.06494140625 0.6009114583333334 0.0791015625 0.06901041666666667
1 0.14501953125 0.6145833333333334 0.1181640625 0.08854166666666667
1 0.17626953125 0.5657552083333334 0.0576171875 0.032552083333333336
1 0.267578125 0.59765625 0.1171875 0.09114583333333333
1 0.50048828125 0.6165364583333334 0.1962890625 0.09244791666666667
1 0.712890625 0.62890625 0.21484375 0.11197916666666667
1 0.93408203125 0.6432291666666666 0.1298828125 0.12239583333333333
