0 0.74267578125 0.51953125 0.1982421875 0.734375
1 0.41650390625 0.599609375 0.6884765625 0.59765625
1 0.2333984375 0.431640625 0.466796875 0.4440104166666667
1 0.3544921875 0.2890625 0.03125 0.018229166666666668
1 0.36474609375 0.2825520833333333 0.0224609375 0.020833333333333332
1 0.40185546875 0.2916666666666667 0.0869140625 0.041666666666666664
1 0.45166015625 0.2740885416666667 0.0224609375 0.016927083333333332
1 0.482421875 0.287109375 0.03515625 0.01953125
1 0.51708984375 0.2838541666666667 0.0341796875 0.015625
1 0.59716796875 0.2877604166666667 0.1455078125 0.0546875
1 0.6796875 0.2877604166666667 0.017578125 0.020833333333333332
1 0.87841796875 0.322265625 0.1103515625 0.10807291666666667
1 0.92138671875 0.28125 0.0361328125 0.013020833333333334
1 0.923828125 0.2994791666666667 0.0390625 0.046875
1 0.9619140625 0.3352864583333333 0.07421875 0.12630208333333334
