0 0.22021484375 0.9216691068814056 0.0419921875 0.15373352855051245
0 0.25537109375 0.9289897510980967 0.0224609375 0.1390922401171303
0 0.283203125 0.9304538799414348 0.029296875 0.13616398243045388
0 0.33642578125 0.9260614934114202 0.0205078125 0.1390922401171303
0 0.34765625 0.9048316251830161 0.01953125 0.1054172767203514
0 0.361328125 0.931185944363104 0.01171875 0.12298682284040996
0 0.37744140625 0.9260614934114202 0.0224609375 0.14494875549048317
0 0.41357421875 0.8872620790629575 0.0185546875 0.07027818448023426
0 0.4326171875 0.8843338213762811 0.015625 0.06442166910688141
0 0.46142578125 0.9238653001464129 0.0283203125 0.1493411420204978
0 0.4970703125 0.8806734992679356 0.015625 0.08638360175695461
0 0.51123046875 0.8601756954612005 0.0087890625 0.007320644216691069
0 0.53857421875 0.9202049780380673 0.0361328125 0.14494875549048317
0 0.57275390625 0.9231332357247438 0.0205078125 0.1390922401171303
0 0.60009765625 0.9253294289897511 0.0380859375 0.14641288433382138
0 0.70166015625 0.9289897510980967 0.0185546875 0.1390922401171303
0 0.74951171875 0.931185944363104 0.0146484375 0.12005856515373353
0 0.763671875 0.9341142020497804 0.013671875 0.12884333821376281
0 0.78515625 0.9304538799414348 0.01171875 0.13616398243045388
0 0.8017578125 0.9260614934114202 0.017578125 0.13323572474377746
0 0.82080078125 0.9392386530014641 0.0146484375 0.11273792093704246
0 0.8408203125 0.9458272327964861 0.01953125 0.1054172767203514
0 0.86328125 0.9275256222547584 0.01953125 0.13616398243045388
0 0.89306640625 0.931918008784773 0.0263671875 0.13323572474377746
0 0.91357421875 0.9282576866764275 0.0087890625 0.13469985358711567
0 0.9404296875 0.9370424597364568 0.017578125 0.11127379209370425
1 0.078125 0.9062957540263543 0.15625 0.18448023426061494
