0 0.0673828125 0.4498697916666667 0.05859375 0.2565104166666667
0 0.12841796875 0.4830729166666667 0.0595703125 0.2604166666666667
0 0.142578125 0.4680989583333333 0.060546875 0.24869791666666666
0 0.29541015625 0.2721354166666667 0.0517578125 0.21354166666666666
0 0.3681640625 0.369140625 0.046875 0.17057291666666666
0 0.4150390625 0.359375 0.04296875 0.16927083333333334
0 0.42724609375 0.373046875 0.0263671875 0.12109375
0 0.46484375 0.23958333333333334 0.0546875 0.17447916666666666
0 0.86474609375 0.365234375 0.0595703125 0.16015625
0 0.89794921875 0.3619791666666667 0.0263671875 0.15364583333333334
0 0.9228515625 0.384765625 0.04296875 0.19140625
0 0.9521484375 0.3645833333333333 0.02734375 0.15104166666666666
1 0.09228515625 0.4251302083333333 0.1845703125 0.15234375
1 0.615234375 0.41015625 0.408203125 0.20572916666666666
