0 0.32421875 0.5071614583333334 0.6484375 0.9830729166666666
0 0.35595703125 0.6041666666666666 0.0556640625 0.13802083333333334
0 0.353515625 0.5859375 0.037109375 0.06770833333333333
0 0.416015625 0.6223958333333334 0.02734375 0.057291666666666664
0 0.4716796875 0.5944010416666666 0.033203125 0.11067708333333333
0 0.52978515625 0.576171875 0.0302734375 0.08203125
0 0.6962890625 0.583984375 0.0390625 0.07682291666666667
0 0.72509765625 0.5904947916666666 0.0205078125 0.08984375
0 0.759765625 0.5904947916666666 0.041015625 0.09244791666666667
0 0.78955078125 0.5748697916666666 0.0205078125 0.045572916666666664
1 0.1845703125 0.6302083333333334 0.212890625 0.0859375
1 0.57080078125 0.6712239583333334 0.3896484375 0.15234375
