0 0.16552734375 0.8854166666666666 0.0634765625 0.2265625
0 0.24169921875 0.9016927083333334 0.0712890625 0.19401041666666666
0 0.28515625 0.8821614583333334 0.068359375 0.23307291666666666
0 0.35791015625 0.8111979166666666 0.0712890625 0.2109375
0 0.38037109375 0.9173177083333334 0.0810546875 0.16276041666666666
0 0.416015625 0.8522135416666666 0.076171875 0.2799479166666667
0 0.41796875 0.7259114583333334 0.0390625 0.09765625
0 0.529296875 0.876953125 0.0546875 0.24348958333333334
0 0.57421875 0.90234375 0.056640625 0.1875
0 0.60546875 0.9342447916666666 0.06640625 0.12890625
0 0.60107421875 0.6328125 0.0478515625 0.20572916666666666
0 0.611328125 0.8665364583333334 0.05859375 0.22526041666666666
0 0.6826171875 0.4830729166666667 0.05078125 0.16927083333333334
0 0.70849609375 0.44140625 0.0400390625 0.16145833333333334
0 0.755859375 0.8834635416666666 0.078125 0.23046875
0 0.755859375 0.501953125 0.05078125 0.18619791666666666
0 0.81005859375 0.8717447916666666 0.0634765625 0.24869791666666666
0 0.8955078125 0.5188802083333334 0.044921875 0.13151041666666666
0 0.92822265625 0.4342447916666667 0.0517578125 0.21484375
0 0.9404296875 0.9108072916666666 0.076171875 0.17578125
1 0.72314453125 0.12109375 0.0810546875 0.0859375
1 0.9384765625 0.107421875 0.103515625 0.09505208333333333
