0 0.02001953125 0.2903225806451613 0.0400390625 0.17888563049853373
0 0.115234375 0.17082111436950145 0.04296875 0.14516129032258066
0 0.2333984375 0.07697947214076246 0.021484375 0.039589442815249266
0 0.8740234375 0.1810850439882698 0.0546875 0.07771260997067449
0 0.8935546875 0.19134897360703812 0.03125 0.0689149560117302
0 0.89404296875 0.17155425219941348 0.0224609375 0.05865102639296188
0 0.923828125 0.17008797653958943 0.029296875 0.08504398826979472
0 0.95556640625 0.20747800586510265 0.0732421875 0.19501466275659823
0 0.9853515625 0.24560117302052786 0.02734375 0.22140762463343108
1 0.05126953125 0.17888563049853373 0.1025390625 0.11436950146627566
1 0.48779296875 0.49780058651026393 0.9755859375 0.8460410557184751
1 0.69287109375 0.26759530791788855 0.5849609375 0.32991202346041054
1 0.79248046875 0.156158357771261 0.1259765625 0.08357771260997067
