0 0.0771484375 0.3522135416666667 0.154296875 0.6315104166666666
0 0.111328125 0.08919270833333333 0.09765625 0.14713541666666666
0 0.21484375 0.19075520833333334 0.16015625 0.2981770833333333
0 0.3359375 0.14453125 0.064453125 0.09375
0 0.32177734375 0.15364583333333334 0.0302734375 0.07291666666666667
0 0.36962890625 0.13802083333333334 0.0341796875 0.11458333333333333
0 0.4677734375 0.19205729166666666 0.193359375 0.2591145833333333
0 0.48974609375 0.15690104166666666 0.0595703125 0.17578125
0 0.49951171875 0.12630208333333334 0.0400390625 0.08333333333333333
0 0.5107421875 0.15885416666666666 0.05078125 0.17447916666666666
0 0.55078125 0.15234375 0.029296875 0.109375
0 0.64599609375 0.4518229166666667 0.1787109375 0.7447916666666666
0 0.58740234375 0.134765625 0.0263671875 0.06640625
0 0.82373046875 0.3561197916666667 0.1884765625 0.7122395833333334
0 0.75927734375 0.13736979166666666 0.0244140625 0.06901041666666667
0 0.78662109375 0.140625 0.0087890625 0.028645833333333332
0 0.79931640625 0.13411458333333334 0.0166015625 0.041666666666666664
0 0.92236328125 0.2643229166666667 0.1259765625 0.4296875
0 0.9833984375 0.16015625 0.03125 0.12760416666666666
1 0.1875 0.388671875 0.375 0.42578125
1 0.5087890625 0.5716145833333334 0.9375 0.8541666666666666
