0 0.95703125 0.48525073746312686 0.068359375 0.2831858407079646
0 0.01025390625 0.45722713864306785 0.0205078125 0.2536873156342183
0 0.04296875 0.45206489675516226 0.052734375 0.2728613569321534
0 0.1591796875 0.443952802359882 0.052734375 0.20648967551622419
0 0.25390625 0.4505899705014749 0.046875 0.20501474926253688
0 0.28125 0.42035398230088494 0.0234375 0.15339233038348082
0 0.3095703125 0.42551622418879054 0.0390625 0.19321533923303835
0 0.32421875 0.37684365781710916 0.021484375 0.07817109144542773
0 0.962890625 0.8443952802359882 0.072265625 0.308259587020649
1 0.5478515625 0.48672566371681414 0.255859375 0.23893805309734514
1 0.66796875 0.41814159292035397 0.0546875 0.08702064896755163
1 0.75537109375 0.43731563421828906 0.0986328125 0.10176991150442478
