0 0.046875 0.4458272327964861 0.078125 0.8916544655929722
0 0.12939453125 0.2342606149341142 0.1474609375 0.37481698389458273
0 0.30419921875 0.4743777452415813 0.2822265625 0.9487554904831625
0 0.361328125 0.246705710102489 0.078125 0.2972181551976574
0 0.48779296875 0.4699853587115666 0.2607421875 0.4978038067349927
0 0.43994140625 0.22035139092240116 0.0830078125 0.25036603221083453
0 0.55419921875 0.17349926793557832 0.0673828125 0.15666178623718888
0 0.6953125 0.6105417276720352 0.244140625 0.486090775988287
0 0.6396484375 0.17496339677891654 0.072265625 0.22986822840409957
0 0.70361328125 0.14641288433382138 0.0576171875 0.1493411420204978
0 0.75146484375 0.1486090775988287 0.0419921875 0.10102489019033675
1 0.796875 0.3645680819912152 0.404296875 0.7291361639824304
