0 0.024817518248175182 0.5849609375 0.049635036496350364 0.068359375
0 0.13941605839416057 0.5693359375 0.030656934306569343 0.013671875
0 0.1562043795620438 0.6123046875 0.03795620437956204 0.041015625
0 0.16204379562043797 0.5693359375 0.026277372262773723 0.03125
0 0.21824817518248174 0.57275390625 0.030656934306569343 0.0205078125
0 0.25547445255474455 0.5771484375 0.032116788321167884 0.0390625
0 0.5233576642335767 0.59521484375 0.08905109489051095 0.0419921875
0 0.6452554744525547 0.61572265625 0.03795620437956204 0.0458984375
0 0.7218978102189781 0.64453125 0.05401459854014599 0.033203125
0 0.7948905109489051 0.6279296875 0.06861313868613139 0.111328125
0 0.9423357664233577 0.68994140625 0.07737226277372262 0.1845703125
0 0.9817518248175182 0.5859375 0.033576642335766425 0.046875
1 0.19927007299270072 0.61572265625 0.29927007299270075 0.0849609375
