1 0.27490234375 0.5118243243243243 0.1435546875 0.3344594594594595
0 0.02880859375 0.6081081081081081 0.0576171875 0.7094594594594594
0 0.03662109375 0.38006756756756754 0.0732421875 0.7601351351351351
0 0.091796875 0.43243243243243246 0.044921875 0.5675675675675675
0 0.109375 0.38682432432432434 0.03515625 0.5236486486486487
0 0.11474609375 0.4780405405405405 0.0263671875 0.19256756756756757
0 0.5693359375 0.5033783783783784 0.07421875 0.6081081081081081
0 0.6904296875 0.38006756756756754 0.0625 0.597972972972973
0 0.7099609375 0.46452702702702703 0.09765625 0.3547297297297297
0 0.76025390625 0.4780405405405405 0.0341796875 0.34121621621621623
0 0.794921875 0.4864864864864865 0.04296875 0.39864864864864863
0 0.82568359375 0.4831081081081081 0.0517578125 0.3918918918918919
0 0.8935546875 0.5337837837837838 0.041015625 0.36486486486486486
0 0.96337890625 0.5523648648648649 0.0361328125 0.30743243243243246
1 0.1982421875 0.5168918918918919 0.060546875 0.14864864864864866
1 0.41015625 0.5456081081081081 0.1015625 0.20608108108108109
