0 0.76513671875 0.8828125 0.0693359375 0.14583333333333334
1 0.23779296875 0.478515625 0.1474609375 0.08203125
0 0.2421875 0.4498697916666667 0.017578125 0.01953125
0 0.54150390625 0.453125 0.0146484375 0.0546875
0 0.72412109375 0.455078125 0.0712890625 0.13932291666666666
1 0.09033203125 0.4993489583333333 0.1591796875 0.10026041666666667
1 0.82421875 0.3294270833333333 0.0625 0.0546875
1 0.86962890625 0.3203125 0.0439453125 0.041666666666666664
1 0.95654296875 0.3893229166666667 0.0732421875 0.07552083333333333
1 0.95361328125 0.2936197916666667 0.0498046875 0.05078125
