0 0.3603515625 0.3098958333333333 0.0625 0.15364583333333334
1 0.9443359375 0.44921875 0.109375 0.2109375
0 0.037109375 0.5084635416666666 0.05078125 0.053385416666666664
0 0.08154296875 0.3606770833333333 0.0263671875 0.046875
0 0.10595703125 0.361328125 0.0224609375 0.037760416666666664
0 0.13330078125 0.3704427083333333 0.0244140625 0.03515625
0 0.14697265625 0.4973958333333333 0.0419921875 0.0546875
0 0.5146484375 0.3821614583333333 0.078125 0.16536458333333334
0 0.96337890625 0.35546875 0.0380859375 0.109375
1 0.08642578125 0.5891927083333334 0.1728515625 0.3138020833333333
