1 0.65576171875 0.7013177159590044 0.3154296875 0.2869692532942899
0 0.015625 0.5 0.015625 0.0629575402635432
0 0.0341796875 0.5109809663250366 0.017578125 0.0849194729136164
0 0.05078125 0.5592972181551976 0.03515625 0.17276720351390923
0 0.07275390625 0.4978038067349927 0.0087890625 0.03513909224011713
0 0.0927734375 0.5029282576866764 0.015625 0.05124450951683748
0 0.1005859375 0.5636896046852123 0.03125 0.15519765739385066
0 0.125 0.5907759882869692 0.046875 0.19765739385065886
0 0.13623046875 0.5036603221083455 0.0185546875 0.04685212298682284
0 0.158203125 0.5087847730600292 0.0234375 0.0629575402635432
0 0.16357421875 0.513909224011713 0.0263671875 0.0527086383601757
0 0.17626953125 0.5871156661786238 0.0498046875 0.17862371888726208
0 0.205078125 0.568081991215227 0.03125 0.15519765739385066
0 0.220703125 0.5571010248901903 0.025390625 0.15373352855051245
0 0.25537109375 0.5805270863836017 0.0458984375 0.1800878477306003
0 0.2958984375 0.5878477306002928 0.03515625 0.16544655929721816
0 0.34326171875 0.5834553440702782 0.0341796875 0.17423133235724744
0 0.3828125 0.6054172767203514 0.046875 0.18301610541727673
0 0.43212890625 0.5775988286969254 0.0380859375 0.1595900439238653
0 0.462890625 0.6017569546120058 0.044921875 0.17276720351390923
0 0.4951171875 0.5812591508052709 0.029296875 0.16105417276720352
0 0.51171875 0.5761346998535871 0.03515625 0.13616398243045388
0 0.5341796875 0.5519765739385066 0.02734375 0.09663250366032211
0 0.55908203125 0.5483162518301611 0.0361328125 0.060029282576866766
0 0.5791015625 0.5366032210834554 0.025390625 0.06588579795021962
0 0.59228515625 0.5248901903367497 0.0146484375 0.03367496339677892
0 0.72607421875 0.5717423133235725 0.0498046875 0.10395314787701318
0 0.77099609375 0.5812591508052709 0.0302734375 0.12005856515373353
