0 0.53759765625 0.5078125 0.1083984375 0.296875
1 0.15673828125 0.5611979166666666 0.3076171875 0.3307291666666667
0 0.359375 0.5240885416666666 0.08203125 0.24609375
0 0.40966796875 0.4908854166666667 0.0751953125 0.24739583333333334
0 0.826171875 0.431640625 0.0390625 0.13151041666666666
0 0.97607421875 0.4348958333333333 0.0439453125 0.16145833333333334
1 0.2236328125 0.3828125 0.044921875 0.026041666666666668
1 0.2490234375 0.3828125 0.03125 0.0234375
1 0.501953125 0.375 0.02734375 0.015625
1 0.60595703125 0.4296875 0.1298828125 0.1328125
1 0.73095703125 0.4108072916666667 0.1005859375 0.08984375
1 0.91748046875 0.4186197916666667 0.0712890625 0.08463541666666667
1 0.9228515625 0.3743489583333333 0.0234375 0.009114583333333334
1 0.94677734375 0.3776041666666667 0.0224609375 0.015625
