1 0.470703125 0.59375 0.8671875 0.6536458333333334
0 0.02099609375 0.25390625 0.0419921875 0.049479166666666664
0 0.021484375 0.12044270833333333 0.01953125 0.04296875
0 0.03369140625 0.12109375 0.0361328125 0.0625
0 0.033203125 0.24739583333333334 0.0234375 0.06510416666666667
0 0.056640625 0.12239583333333333 0.013671875 0.059895833333333336
0 0.0634765625 0.11653645833333333 0.013671875 0.048177083333333336
0 0.08935546875 0.2734375 0.0263671875 0.08854166666666667
0 0.0859375 0.1171875 0.0078125 0.046875
0 0.0966796875 0.12109375 0.01171875 0.044270833333333336
0 0.1083984375 0.24153645833333334 0.00390625 0.03515625
0 0.11572265625 0.2421875 0.0068359375 0.046875
0 0.1650390625 0.255859375 0.029296875 0.10026041666666667
0 0.2666015625 0.24153645833333334 0.015625 0.022135416666666668
0 0.2880859375 0.24088541666666666 0.021484375 0.020833333333333332
0 0.359375 0.248046875 0.0234375 0.029947916666666668
0 0.3828125 0.248046875 0.017578125 0.032552083333333336
0 0.42236328125 0.24153645833333334 0.0224609375 0.03515625
0 0.44384765625 0.24479166666666666 0.0244140625 0.0390625
0 0.57958984375 0.22135416666666666 0.0205078125 0.028645833333333332
0 0.58251953125 0.22395833333333334 0.0068359375 0.013020833333333334
0 0.62158203125 0.22591145833333334 0.0126953125 0.02734375
0 0.80078125 0.22981770833333334 0.0078125 0.024739583333333332
0 0.81005859375 0.23372395833333334 0.0068359375 0.01953125
0 0.85546875 0.2526041666666667 0.046875 0.08072916666666667
0 0.87451171875 0.2630208333333333 0.0341796875 0.11197916666666667
0 0.9765625 0.2890625 0.0390625 0.14583333333333334
1 0.05322265625 0.3756510416666667 0.1064453125 0.24088541666666666
1 0.083984375 0.8274739583333334 0.16796875 0.3424479166666667
1 0.73779296875 0.41796875 0.5224609375 0.3854166666666667
1 0.779296875 0.24674479166666666 0.10546875 0.045572916666666664
1 0.93603515625 0.3053385416666667 0.1259765625 0.10286458333333333
1 0.92529296875 0.2630208333333333 0.0693359375 0.049479166666666664
