0 0.9619140625 0.9201612903225806 0.048828125 0.15645161290322582
0 0.00830078125 0.5725806451612904 0.0166015625 0.04838709677419355
0 0.0078125 0.5403225806451613 0.015625 0.02258064516129032
0 0.0283203125 0.5733870967741935 0.01953125 0.0467741935483871
0 0.0400390625 0.5669354838709677 0.013671875 0.05967741935483871
0 0.06787109375 0.5653225806451613 0.0185546875 0.0467741935483871
0 0.09130859375 0.5653225806451613 0.0244140625 0.056451612903225805
0 0.1171875 0.5532258064516129 0.013671875 0.02258064516129032
0 0.1171875 0.5685483870967742 0.013671875 0.0467741935483871
0 0.13623046875 0.5741935483870968 0.0107421875 0.04838709677419355
0 0.1474609375 0.5725806451612904 0.013671875 0.03870967741935484
0 0.15625 0.575 0.015625 0.037096774193548385
0 0.171875 0.5709677419354838 0.015625 0.05161290322580645
0 0.189453125 0.575 0.017578125 0.05
0 0.2216796875 0.6588709677419354 0.033203125 0.03064516129032258
0 0.22607421875 0.5758064516129032 0.0146484375 0.04516129032258064
0 0.22900390625 0.31209677419354837 0.0185546875 0.03387096774193549
0 0.22802734375 0.4282258064516129 0.0107421875 0.043548387096774194
0 0.23779296875 0.43790322580645163 0.0205078125 0.0467741935483871
0 0.2509765625 0.3153225806451613 0.015625 0.027419354838709678
0 0.2509765625 0.6169354838709677 0.015625 0.017741935483870968
0 0.2763671875 0.8129032258064516 0.046875 0.16129032258064516
0 0.31103515625 0.8129032258064516 0.0439453125 0.16129032258064516
0 0.32177734375 0.43951612903225806 0.0166015625 0.04032258064516129
0 0.32421875 0.3161290322580645 0.013671875 0.035483870967741936
0 0.341796875 0.8056451612903226 0.03515625 0.16612903225806452
0 0.35546875 0.3241935483870968 0.01171875 0.01935483870967742
0 0.388671875 0.8064516129032258 0.0390625 0.16774193548387098
0 0.4697265625 0.8838709677419355 0.16015625 0.22903225806451613
0 0.4482421875 0.7612903225806451 0.041015625 0.0967741935483871
0 0.4521484375 0.4459677419354839 0.0078125 0.014516129032258065
0 0.462890625 0.4475806451612903 0.00390625 0.014516129032258065
0 0.47119140625 0.44193548387096776 0.0087890625 0.02903225806451613
0 0.48291015625 0.43951612903225806 0.0185546875 0.03064516129032258
0 0.49462890625 0.43951612903225806 0.0107421875 0.03064516129032258
0 0.50244140625 0.4459677419354839 0.0166015625 0.03064516129032258
0 0.517578125 0.4435483870967742 0.009765625 0.03225806451612903
0 0.5380859375 0.4467741935483871 0.015625 0.025806451612903226
0 0.6142578125 0.8104838709677419 0.044921875 0.15645161290322582
0 0.6279296875 0.6403225806451613 0.03125 0.03225806451612903
0 0.6455078125 0.9129032258064517 0.06640625 0.0935483870967742
0 0.67529296875 0.8056451612903226 0.0439453125 0.15645161290322582
0 0.70263671875 0.8790322580645161 0.0517578125 0.1032258064516129
0 0.81884765625 0.8951612903225806 0.1865234375 0.2064516129032258
0 0.77783203125 0.8096774193548387 0.0341796875 0.05806451612903226
0 0.86083984375 0.7814516129032258 0.0458984375 0.08870967741935484
0 0.89990234375 0.7959677419354839 0.0361328125 0.11774193548387096
0 0.98193359375 0.8145161290322581 0.0341796875 0.15806451612903225
1 0.083984375 0.5306451612903226 0.029296875 0.035483870967741936
1 0.08984375 0.5580645161290323 0.03515625 0.025806451612903226
1 0.1376953125 0.525 0.064453125 0.05
1 0.21923828125 0.6814516129032258 0.2060546875 0.10806451612903226
1 0.2451171875 0.632258064516129 0.17578125 0.07096774193548387
1 0.18994140625 0.5483870967741935 0.0302734375 0.04838709677419355
1 0.623046875 0.6612903225806451 0.177734375 0.0935483870967742
1 0.69873046875 0.6895161290322581 0.2041015625 0.10483870967741936
1 0.9345703125 0.5387096774193548 0.04296875 0.025806451612903226
1 0.96240234375 0.5419354838709678 0.0361328125 0.02258064516129032
