0 0.931640625 0.208984375 0.12890625 0.17838541666666666
1 0.5029296875 0.564453125 0.892578125 0.71484375
0 0.044921875 0.27734375 0.017578125 0.046875
0 0.119140625 0.2779947916666667 0.05859375 0.18619791666666666
0 0.12939453125 0.2838541666666667 0.0283203125 0.13020833333333334
0 0.27587890625 0.25 0.0322265625 0.11979166666666667
0 0.29638671875 0.2682291666666667 0.0517578125 0.15104166666666666
0 0.35498046875 0.259765625 0.0224609375 0.024739583333333332
0 0.44189453125 0.21614583333333334 0.0283203125 0.026041666666666668
0 0.4697265625 0.23307291666666666 0.03515625 0.10677083333333333
0 0.509765625 0.21744791666666666 0.048828125 0.109375
0 0.6201171875 0.18619791666666666 0.01953125 0.0078125
0 0.71875 0.173828125 0.013671875 0.01953125
0 0.74658203125 0.17708333333333334 0.0126953125 0.010416666666666666
0 0.78369140625 0.1953125 0.0576171875 0.171875
0 0.83056640625 0.19401041666666666 0.0400390625 0.0859375
0 0.8759765625 0.1953125 0.048828125 0.1015625
1 0.13671875 0.2877604166666667 0.22265625 0.203125
1 0.380859375 0.30078125 0.16015625 0.0625
1 0.74169921875 0.3880208333333333 0.5146484375 0.4114583333333333
