0 0.10986328125 0.5329861111111112 0.0615234375 0.3888888888888889
0 0.1376953125 0.2647569444444444 0.013671875 0.06076388888888889
0 0.15087890625 0.2760416666666667 0.0126953125 0.03819444444444445
0 0.1748046875 0.2725694444444444 0.01171875 0.041666666666666664
0 0.28857421875 0.2378472222222222 0.0087890625 0.052083333333333336
0 0.29638671875 0.23697916666666666 0.0068359375 0.036458333333333336
0 0.30322265625 0.2361111111111111 0.0048828125 0.041666666666666664
0 0.31005859375 0.2387152777777778 0.0087890625 0.03993055555555555
0 0.48828125 0.4548611111111111 0.064453125 0.3090277777777778
0 0.57421875 0.6293402777777778 0.09765625 0.5086805555555556
0 0.84521484375 0.4548611111111111 0.0966796875 0.40625
1 0.236328125 0.2248263888888889 0.029296875 0.036458333333333336
1 0.279296875 0.23958333333333334 0.02734375 0.03819444444444445
1 0.38916015625 0.2404513888888889 0.0439453125 0.029513888888888888
1 0.55517578125 0.23958333333333334 0.0634765625 0.03819444444444445
1 0.58154296875 0.2230902777777778 0.0205078125 0.022569444444444444
1 0.6728515625 0.3133680555555556 0.15625 0.1232638888888889
1 0.650390625 0.2230902777777778 0.0546875 0.026041666666666668
1 0.6474609375 0.23524305555555555 0.04296875 0.046875
1 0.71484375 0.2300347222222222 0.041015625 0.03993055555555555
1 0.7734375 0.24913194444444445 0.078125 0.043402777777777776
