0 0.06103515625 0.3014322916666667 0.0966796875 0.3736979166666667
1 0.482421875 0.494140625 0.8828125 0.7018229166666666
0 0.31591796875 0.1796875 0.0126953125 0.059895833333333336
0 0.341796875 0.16471354166666666 0.01953125 0.03515625
0 0.35546875 0.16927083333333334 0.013671875 0.033854166666666664
0 0.380859375 0.17122395833333334 0.017578125 0.048177083333333336
0 0.40478515625 0.15885416666666666 0.0185546875 0.0234375
0 0.45849609375 0.13802083333333334 0.0654296875 0.09114583333333333
0 0.4970703125 0.15104166666666666 0.03515625 0.044270833333333336
0 0.54443359375 0.15364583333333334 0.0205078125 0.028645833333333332
0 0.8212890625 0.24283854166666666 0.044921875 0.09505208333333333
0 0.87939453125 0.20963541666666666 0.0400390625 0.1484375
0 0.94140625 0.173828125 0.0234375 0.037760416666666664
0 0.986328125 0.23372395833333334 0.025390625 0.16276041666666666
1 0.2021484375 0.3626302083333333 0.404296875 0.2981770833333333
1 0.18310546875 0.23177083333333334 0.2431640625 0.10677083333333333
