0 0.4912109375 0.423828125 0.013671875 0.04296875
0 0.5556640625 0.4192708333333333 0.01171875 0.028645833333333332
0 0.58447265625 0.4244791666666667 0.0146484375 0.026041666666666668
0 0.60009765625 0.4270833333333333 0.0166015625 0.0546875
0 0.7470703125 0.517578125 0.033203125 0.17578125
0 0.79638671875 0.5045572916666666 0.0537109375 0.23307291666666666
0 0.80419921875 0.4134114583333333 0.0361328125 0.06640625
0 0.828125 0.4641927083333333 0.025390625 0.03515625
0 0.8583984375 0.5071614583333334 0.029296875 0.18359375
0 0.865234375 0.533203125 0.033203125 0.18359375
0 0.92431640625 0.548828125 0.0361328125 0.19140625
1 0.32763671875 0.4856770833333333 0.1279296875 0.1484375
1 0.46826171875 0.4361979166666667 0.0205078125 0.07291666666666667
1 0.48828125 0.38671875 0.01171875 0.010416666666666666
1 0.52001953125 0.416015625 0.0400390625 0.05078125
