1 0.5009765625 0.509765625 0.990234375 0.7890625
0 0.0224609375 0.29541015625 0.044921875 0.3271484375
0 0.06689453125 0.29248046875 0.1337890625 0.3916015625
0 0.1103515625 0.17236328125 0.046875 0.0615234375
0 0.169921875 0.2333984375 0.099609375 0.205078125
0 0.31201171875 0.1611328125 0.0966796875 0.154296875
0 0.400390625 0.1953125 0.123046875 0.15625
0 0.388671875 0.1513671875 0.037109375 0.021484375
0 0.638671875 0.23779296875 0.119140625 0.0869140625
0 0.83056640625 0.23779296875 0.1591796875 0.1103515625
