0 0.259765625 0.30613577023498695 0.017578125 0.04046997389033943
0 0.419921875 0.5045691906005222 0.03515625 0.19973890339425587
0 0.44580078125 0.5097911227154047 0.0478515625 0.18407310704960836
0 0.50537109375 0.4993472584856397 0.0537109375 0.19973890339425587
0 0.5205078125 0.3962140992167102 0.03125 0.1031331592689295
0 0.5390625 0.5032637075718016 0.03125 0.16579634464751958
0 0.5830078125 0.4830287206266319 0.044921875 0.2010443864229765
0 0.59619140625 0.4073107049608355 0.0361328125 0.1618798955613577
1 0.34619140625 0.3328981723237598 0.1162109375 0.10443864229765012
1 0.70751953125 0.29569190600522194 0.0380859375 0.024804177545691905
1 0.79638671875 0.2904699738903394 0.0419921875 0.03524804177545692
1 0.89599609375 0.26827676240208875 0.0361328125 0.03524804177545692
1 0.974609375 0.15861618798955612 0.01953125 0.02741514360313316
