0 0.8125 0.7671532846715329 0.072265625 0.23503649635036497
0 0.142578125 0.7306569343065693 0.107421875 0.11532846715328467
0 0.20068359375 0.7693430656934307 0.0595703125 0.14014598540145987
0 0.47021484375 0.8474452554744526 0.1904296875 0.3021897810218978
0 0.54931640625 0.5664233576642336 0.0126953125 0.035036496350364967
0 0.56396484375 0.6014598540145986 0.0107421875 0.043795620437956206
0 0.57373046875 0.6138686131386861 0.0205078125 0.08029197080291971
0 0.6044921875 0.6635036496350365 0.025390625 0.10656934306569343
0 0.71875 0.8255474452554744 0.095703125 0.345985401459854
0 0.91796875 0.8167883211678832 0.0703125 0.2671532846715328
1 0.48291015625 0.47664233576642334 0.0263671875 0.03941605839416058
1 0.50927734375 0.4708029197080292 0.0224609375 0.04525547445255475
