0 0.23681640625 0.21549479166666666 0.1650390625 0.23307291666666666
1 0.43359375 0.5110677083333334 0.755859375 0.8580729166666666
0 0.11962890625 0.2630208333333333 0.0419921875 0.11979166666666667
0 0.1416015625 0.19791666666666666 0.072265625 0.09635416666666667
0 0.47314453125 0.19075520833333334 0.0361328125 0.07942708333333333
0 0.5146484375 0.19986979166666666 0.033203125 0.07161458333333333
0 0.54248046875 0.189453125 0.0263671875 0.05078125
0 0.60107421875 0.16731770833333334 0.0283203125 0.024739583333333332
0 0.7890625 0.23111979166666666 0.0703125 0.24609375
0 0.841796875 0.146484375 0.0234375 0.03515625
0 0.9638671875 0.3404947916666667 0.0703125 0.3033854166666667
1 0.10400390625 0.4140625 0.2041015625 0.3489583333333333
1 0.07275390625 0.19596354166666666 0.1357421875 0.11588541666666667
1 0.36279296875 0.22265625 0.1455078125 0.109375
1 0.60546875 0.197265625 0.15234375 0.08984375
1 0.908203125 0.22916666666666666 0.181640625 0.16666666666666666
