0 0.30029296875 0.10677083333333333 0.0205078125 0.09895833333333333
0 0.32275390625 0.10026041666666667 0.0361328125 0.09375
0 0.3271484375 0.10026041666666667 0.029296875 0.09375
0 0.64111328125 0.365234375 0.0927734375 0.14453125
0 0.69970703125 0.2779947916666667 0.0615234375 0.12630208333333334
0 0.71044921875 0.3841145833333333 0.0712890625 0.140625
0 0.9443359375 0.4244791666666667 0.109375 0.5026041666666666
0 0.947265625 0.7252604166666666 0.103515625 0.3776041666666667
0 0.9560546875 0.022135416666666668 0.017578125 0.044270833333333336
0 0.970703125 0.020833333333333332 0.01953125 0.041666666666666664
0 0.98388671875 0.022786458333333332 0.0205078125 0.045572916666666664
1 0.107421875 0.14583333333333334 0.130859375 0.078125
1 0.48095703125 0.5286458333333334 0.7568359375 0.5520833333333334
1 0.5859375 0.061197916666666664 0.06640625 0.046875
