0 0.15869140625 0.36603221083455345 0.0244140625 0.03806734992679356
0 0.34375 0.4062957540263543 0.015625 0.03074670571010249
0 0.52099609375 0.4612005856515373 0.0615234375 0.09956076134699854
0 0.6318359375 0.48243045387994143 0.0703125 0.09809663250366032
0 0.70068359375 0.4677891654465593 0.0322265625 0.04538799414348463
0 0.76123046875 0.438506588579795 0.0146484375 0.024890190336749635
0 0.8251953125 0.46266471449487556 0.005859375 0.09663250366032211
0 0.83740234375 0.4685212298682284 0.0224609375 0.1171303074670571
0 0.88623046875 0.46193265007320644 0.0380859375 0.2972181551976574
0 0.91015625 0.4780380673499268 0.037109375 0.28550512445095166
0 0.9443359375 0.45241581259150804 0.072265625 0.46266471449487556
1 0.0166015625 0.45973645680819913 0.033203125 0.15226939970717424
1 0.236328125 0.48975109809663253 0.470703125 0.3557833089311859
1 0.46484375 0.4560761346998536 0.072265625 0.07174231332357248
1 0.78564453125 0.4633967789165447 0.0361328125 0.04538799414348463
