1 0.921875 0.541015625 0.138671875 0.16015625
0 0.10546875 0.6002604166666666 0.052734375 0.3255208333333333
0 0.16259765625 0.5670572916666666 0.0517578125 0.22786458333333334
0 0.47314453125 0.5670572916666666 0.0537109375 0.20963541666666666
0 0.50439453125 0.5201822916666666 0.0244140625 0.09765625
0 0.52685546875 0.4915364583333333 0.0224609375 0.05859375
0 0.54345703125 0.5611979166666666 0.0439453125 0.16927083333333334
0 0.54931640625 0.48046875 0.0146484375 0.033854166666666664
0 0.55712890625 0.4869791666666667 0.0166015625 0.028645833333333332
0 0.57177734375 0.541015625 0.0263671875 0.15494791666666666
0 0.69287109375 0.57421875 0.0615234375 0.2630208333333333
0 0.7685546875 0.5885416666666666 0.115234375 0.3489583333333333
1 0.01953125 0.5169270833333334 0.0390625 0.0625
1 0.0302734375 0.4895833333333333 0.033203125 0.0234375
1 0.0595703125 0.5104166666666666 0.072265625 0.06510416666666667
1 0.97607421875 0.5833333333333334 0.0458984375 0.0859375
