0 0.0458984375 0.8625730994152047 0.03515625 0.13742690058479531
0 0.115234375 0.8084795321637427 0.02734375 0.07894736842105263
0 0.1455078125 0.8238304093567251 0.0234375 0.09502923976608187
0 0.1884765625 0.8150584795321637 0.02734375 0.0804093567251462
0 0.21728515625 0.8114035087719298 0.0146484375 0.0847953216374269
0 0.28857421875 0.8223684210526315 0.0166015625 0.07748538011695906
0 0.37841796875 0.7865497076023392 0.0205078125 0.043859649122807015
0 0.626953125 0.847953216374269 0.015625 0.06725146198830409
1 0.0205078125 0.706140350877193 0.033203125 0.029239766081871343
1 0.42822265625 0.8347953216374269 0.0771484375 0.1111111111111111
