0 0.05124450951683748 0.9306640625 0.0527086383601757 0.099609375
0 0.1054172767203514 0.93310546875 0.04978038067349927 0.0830078125
0 0.095900439238653 0.90576171875 0.01903367496339678 0.0419921875
0 0.1493411420204978 0.95361328125 0.07613469985358712 0.0869140625
0 0.22913616398243045 0.8388671875 0.17130307467057102 0.091796875
0 0.3008784773060029 0.853515625 0.07759882869692533 0.099609375
0 0.5834553440702782 0.5263671875 0.636896046852123 0.94140625
0 0.4816983894582723 0.95361328125 0.0849194729136164 0.0869140625
1 0.024890190336749635 0.98583984375 0.04978038067349927 0.0224609375
1 0.40263543191800877 0.9599609375 0.28111273792093705 0.0703125
