1 0.5224609375 0.4947916666666667 0.83984375 0.3984375
0 0.1357421875 0.4915364583333333 0.099609375 0.3059895833333333
0 0.2353515625 0.400390625 0.03125 0.11067708333333333
0 0.38134765625 0.2994791666666667 0.1357421875 0.234375
0 0.3662109375 0.2643229166666667 0.0703125 0.15104166666666666
0 0.46728515625 0.30859375 0.1025390625 0.2630208333333333
0 0.455078125 0.23502604166666666 0.02734375 0.07421875
0 0.51025390625 0.23567708333333334 0.0322265625 0.049479166666666664
0 0.52783203125 0.388671875 0.0673828125 0.18098958333333334
0 0.53955078125 0.24869791666666666 0.0478515625 0.11458333333333333
0 0.56396484375 0.388671875 0.0830078125 0.19401041666666666
0 0.5751953125 0.2662760416666667 0.078125 0.11328125
0 0.59619140625 0.2955729166666667 0.0439453125 0.07552083333333333
0 0.62744140625 0.390625 0.0888671875 0.19010416666666666
0 0.6787109375 0.375 0.076171875 0.1875
0 0.701171875 0.3190104166666667 0.0234375 0.028645833333333332
0 0.7470703125 0.3697916666666667 0.083984375 0.20833333333333334
0 0.810546875 0.365234375 0.0703125 0.18098958333333334
0 0.849609375 0.3548177083333333 0.07421875 0.16796875
0 0.9716796875 0.3899739583333333 0.0546875 0.10286458333333333
