1 0.49755859375 0.4889322916666667 0.8818359375 0.86328125
0 0.037109375 0.22721354166666666 0.07421875 0.2799479166666667
0 0.0380859375 0.1171875 0.033203125 0.078125
0 0.103515625 0.13671875 0.068359375 0.1640625
0 0.265625 0.14453125 0.1015625 0.16145833333333334
0 0.427734375 0.09309895833333333 0.01953125 0.037760416666666664
0 0.6689453125 0.06380208333333333 0.015625 0.018229166666666668
0 0.6943359375 0.059895833333333336 0.013671875 0.026041666666666668
0 0.9248046875 0.19075520833333334 0.052734375 0.24348958333333334
1 0.2431640625 0.21354166666666666 0.392578125 0.2890625
1 0.89306640625 0.13606770833333334 0.2119140625 0.17578125
