1 0.09521484375 0.626953125 0.1904296875 0.15755208333333334
0 0.271484375 0.6796875 0.10546875 0.3411458333333333
0 0.3173828125 0.6321614583333334 0.080078125 0.3268229166666667
0 0.330078125 0.5084635416666666 0.01171875 0.02734375
0 0.400390625 0.6263020833333334 0.076171875 0.3229166666666667
0 0.4580078125 0.5807291666666666 0.048828125 0.21875
0 0.5078125 0.5924479166666666 0.0546875 0.22916666666666666
0 0.5458984375 0.6263020833333334 0.0703125 0.2890625
0 0.6279296875 0.5078125 0.123046875 0.0703125
0 0.61279296875 0.5618489583333334 0.0458984375 0.14453125
0 0.73388671875 0.5078125 0.0107421875 0.057291666666666664
0 0.75341796875 0.5065104166666666 0.0244140625 0.059895833333333336
