0 0.376953125 0.9111600587371512 0.048828125 0.17474302496328928
0 0.65869140625 0.8582966226138032 0.0498046875 0.16299559471365638
0 0.669921875 0.8281938325991189 0.02734375 0.1644640234948605
0 0.76953125 0.7980910425844346 0.033203125 0.13069016152716592
0 0.8115234375 0.8105726872246696 0.021484375 0.11747430249632893
0 0.81787109375 0.7958883994126285 0.0263671875 0.13509544787077826
0 0.8505859375 0.8105726872246696 0.03515625 0.1145374449339207
0 0.89111328125 0.933920704845815 0.0849609375 0.12922173274596183
0 0.9501953125 0.922173274596182 0.056640625 0.14096916299559473
1 0.93115234375 0.815712187958884 0.1357421875 0.315712187958884
