0 0.25439453125 0.1744868035190616 0.1376953125 0.3313782991202346
0 0.32763671875 0.05205278592375367 0.0439453125 0.10410557184750734
0 0.3671875 0.06158357771260997 0.03125 0.12316715542521994
0 0.41357421875 0.06158357771260997 0.0517578125 0.12316715542521994
0 0.44921875 0.030058651026392963 0.03515625 0.060117302052785926
0 0.47900390625 0.02126099706744868 0.0283203125 0.04252199413489736
0 0.50732421875 0.09824046920821114 0.0732421875 0.17302052785923755
0 0.6015625 0.08211143695014662 0.068359375 0.16422287390029325
0 0.88818359375 0.041788856304985335 0.0380859375 0.0747800586510264
1 0.50048828125 0.4875366568914956 0.9697265625 0.9193548387096774
1 0.2783203125 0.18548387096774194 0.40234375 0.29765395894428154
1 0.8984375 0.13049853372434017 0.201171875 0.23460410557184752
1 0.98681640625 0.2749266862170088 0.0244140625 0.1158357771260997
