0 0.08056640625 0.9713541666666666 0.0458984375 0.052083333333333336
0 0.0888671875 0.9798177083333334 0.025390625 0.03515625
0 0.12060546875 0.9505208333333334 0.0439453125 0.09375
0 0.11474609375 0.697265625 0.0224609375 0.05859375
0 0.1552734375 0.95703125 0.025390625 0.08072916666666667
0 0.18701171875 0.9075520833333334 0.0419921875 0.11458333333333333
0 0.2216796875 0.8658854166666666 0.0390625 0.11458333333333333
0 0.24072265625 0.85546875 0.0224609375 0.09635416666666667
0 0.25830078125 0.95703125 0.0205078125 0.08072916666666667
0 0.263671875 0.826171875 0.0234375 0.07682291666666667
0 0.29296875 0.81640625 0.03125 0.049479166666666664
0 0.353515625 0.8951822916666666 0.03125 0.061197916666666664
0 0.38720703125 0.90625 0.0478515625 0.078125
0 0.4169921875 0.90625 0.0234375 0.11197916666666667
0 0.47314453125 0.77734375 0.0224609375 0.07291666666666667
0 0.650390625 0.8170572916666666 0.037109375 0.055989583333333336
0 0.68701171875 0.767578125 0.0185546875 0.05859375
1 0.8017578125 0.7942708333333334 0.109375 0.044270833333333336
1 0.9111328125 0.8528645833333334 0.173828125 0.11197916666666667
