0 0.037109375 0.5387994143484627 0.056640625 0.2430453879941435
0 0.10888671875 0.5117130307467057 0.0458984375 0.2005856515373353
0 0.12939453125 0.5095168374816984 0.0166015625 0.17862371888726208
0 0.2412109375 0.4787701317715959 0.021484375 0.11127379209370425
0 0.24560546875 0.4677891654465593 0.0185546875 0.10688140556368961
0 0.26025390625 0.48096632503660325 0.0205078125 0.06588579795021962
0 0.2783203125 0.48975109809663253 0.025390625 0.036603221083455345
0 0.30078125 0.4663250366032211 0.01171875 0.0424597364568082
0 0.32275390625 0.4575402635431918 0.0087890625 0.01903367496339678
0 0.32763671875 0.4751098096632504 0.0107421875 0.03074670571010249
0 0.44091796875 0.4707174231332357 0.0009765625 0.013177159590043924
0 0.4482421875 0.4780380673499268 0.005859375 0.024890190336749635
0 0.45703125 0.47364568081991215 0.0078125 0.027818448023426062
0 0.7001953125 0.5446559297218155 0.033203125 0.15226939970717424
0 0.73486328125 0.5534407027818448 0.0283203125 0.14348462664714495
1 0.419921875 0.465592972181552 0.044921875 0.07027818448023426
1 0.47802734375 0.4743777452415813 0.0361328125 0.040995607613469986
