0 0.92041015625 0.3385416666666667 0.1396484375 0.6770833333333334
0 0.0048828125 0.166015625 0.009765625 0.05859375
0 0.02490234375 0.17317708333333334 0.0283203125 0.12760416666666666
0 0.0498046875 0.17057291666666666 0.02734375 0.10677083333333333
0 0.09033203125 0.189453125 0.0556640625 0.06901041666666667
0 0.07470703125 0.18033854166666666 0.0146484375 0.05859375
0 0.1796875 0.18684895833333334 0.044921875 0.15234375
0 0.185546875 0.171875 0.02734375 0.1171875
0 0.22314453125 0.14973958333333334 0.0166015625 0.06770833333333333
0 0.6435546875 0.15234375 0.025390625 0.10677083333333333
0 0.84619140625 0.11263020833333333 0.0126953125 0.022135416666666668
0 0.865234375 0.11588541666666667 0.005859375 0.020833333333333332
1 0.00927734375 0.166015625 0.0185546875 0.055989583333333336
1 0.06787109375 0.16731770833333334 0.0771484375 0.10026041666666667
1 0.1201171875 0.15559895833333334 0.046875 0.06640625
1 0.5859375 0.5110677083333334 0.736328125 0.95703125
1 0.8154296875 0.3313802083333333 0.3671875 0.5013020833333334
