0 0.642578125 0.6475694444444444 0.123046875 0.4548611111111111
1 0.74365234375 0.5434027777777778 0.3642578125 0.5138888888888888
0 0.388671875 0.2960069444444444 0.017578125 0.050347222222222224
0 0.43212890625 0.3819444444444444 0.0693359375 0.25
0 0.5087890625 0.6597222222222222 0.189453125 0.6770833333333334
0 0.45751953125 0.3116319444444444 0.0439453125 0.1232638888888889
0 0.5087890625 0.3428819444444444 0.080078125 0.2170138888888889
0 0.56103515625 0.3706597222222222 0.0361328125 0.1996527777777778
0 0.59326171875 0.3420138888888889 0.0419921875 0.125
0 0.5830078125 0.2864583333333333 0.01953125 0.04513888888888889
0 0.63671875 0.3255208333333333 0.046875 0.11979166666666667
0 0.69189453125 0.3342013888888889 0.0498046875 0.109375
0 0.7421875 0.3333333333333333 0.06640625 0.1388888888888889
0 0.77734375 0.3133680555555556 0.021484375 0.06770833333333333
0 0.85986328125 0.546875 0.1123046875 0.6388888888888888
0 0.91162109375 0.8723958333333334 0.1748046875 0.2517361111111111
0 0.88427734375 0.3055555555555556 0.0224609375 0.0625
0 0.96484375 0.4939236111111111 0.068359375 0.4461805555555556
1 0.220703125 0.4991319444444444 0.392578125 0.9982638888888888
