0 0.06494140625 0.769650655021834 0.0419921875 0.259825327510917
0 0.11767578125 0.7587336244541485 0.0380859375 0.2816593886462882
0 0.15380859375 0.7816593886462883 0.0576171875 0.28820960698689957
0 0.224609375 0.7510917030567685 0.029296875 0.20087336244541484
0 0.32666015625 0.7368995633187773 0.0322265625 0.17248908296943233
0 0.4951171875 0.7270742358078602 0.01953125 0.10043668122270742
0 0.52587890625 0.777292576419214 0.0419921875 0.2576419213973799
0 0.56103515625 0.7783842794759825 0.0322265625 0.259825327510917
0 0.58837890625 0.730349344978166 0.0244140625 0.12445414847161572
0 0.6337890625 0.787117903930131 0.044921875 0.13755458515283842
1 0.6328125 0.6790393013100436 0.044921875 0.06986899563318777
1 0.86083984375 0.730349344978166 0.2041015625 0.21179039301310043
1 0.94970703125 0.7030567685589519 0.0986328125 0.12663755458515283
