0 0.028645833333333332 0.5244140625 0.057291666666666664 0.033203125
0 0.09244791666666667 0.50830078125 0.033854166666666664 0.0634765625
0 0.12630208333333334 0.50048828125 0.052083333333333336 0.0341796875
0 0.16145833333333334 0.509765625 0.028645833333333332 0.025390625
0 0.16145833333333334 0.5029296875 0.0234375 0.0390625
0 0.22005208333333334 0.5244140625 0.033854166666666664 0.060546875
0 0.263671875 0.52001953125 0.022135416666666668 0.0419921875
0 0.3014322916666667 0.51806640625 0.029947916666666668 0.0458984375
0 0.4010416666666667 0.48046875 0.15104166666666666 0.0859375
0 0.734375 0.48779296875 0.0390625 0.0634765625
0 0.76953125 0.48779296875 0.09114583333333333 0.0537109375
0 0.8502604166666666 0.498046875 0.09375 0.044921875
1 0.18424479166666666 0.7861328125 0.3684895833333333 0.408203125
1 0.3938802083333333 0.5888671875 0.19661458333333334 0.064453125
1 0.83203125 0.724609375 0.3333333333333333 0.322265625
1 0.80859375 0.59716796875 0.14583333333333334 0.0439453125
