0 0.75048828125 0.7063953488372093 0.1123046875 0.375
0 0.89404296875 0.7056686046511628 0.1123046875 0.38808139534883723
1 0.0615234375 0.6024709302325582 0.123046875 0.12354651162790697
1 0.1103515625 0.5843023255813954 0.064453125 0.10174418604651163
1 0.208984375 0.5755813953488372 0.123046875 0.08430232558139535
1 0.646484375 0.5363372093023255 0.03125 0.04941860465116279
1 0.66845703125 0.529796511627907 0.0263671875 0.03924418604651163
1 0.68701171875 0.5290697674418605 0.0166015625 0.029069767441860465
1 0.70361328125 0.5276162790697675 0.0126953125 0.03197674418604651
1 0.76220703125 0.5167151162790697 0.0224609375 0.03343023255813953
