0 0.7412109375 0.623046875 0.115234375 0.3216145833333333
1 0.0556640625 0.5631510416666666 0.109375 0.13151041666666666
0 0.12939453125 0.5358072916666666 0.0263671875 0.10807291666666667
0 0.150390625 0.521484375 0.015625 0.07161458333333333
0 0.1669921875 0.5364583333333334 0.033203125 0.0859375
0 0.208984375 0.541015625 0.02734375 0.08203125
0 0.392578125 0.5625 0.044921875 0.16927083333333334
0 0.5478515625 0.5690104166666666 0.017578125 0.13541666666666666
1 0.02685546875 0.5149739583333334 0.0419921875 0.04296875
1 0.0537109375 0.5091145833333334 0.0078125 0.0234375
1 0.09326171875 0.533203125 0.0458984375 0.053385416666666664
1 0.49365234375 0.5703125 0.1787109375 0.10677083333333333
