0 0.6845703125 0.44493392070484583 0.26171875 0.5961820851688693
0 0.744140625 0.14170337738619676 0.04296875 0.09544787077826726
0 0.7939453125 0.17694566813509544 0.029296875 0.11600587371512482
0 0.830078125 0.1696035242290749 0.033203125 0.08663729809104258
0 0.89111328125 0.20631424375917767 0.0322265625 0.18061674008810572
1 0.23388671875 0.33186490455212925 0.4677734375 0.593245227606461
1 0.51416015625 0.21365638766519823 0.2412109375 0.28634361233480177
1 0.70751953125 0.17841409691629956 0.1474609375 0.10425844346549193
1 0.8642578125 0.17988252569750368 0.169921875 0.1013215859030837
1 0.94189453125 0.15638766519823788 0.1142578125 0.12481644640234948
