1 0.421875 0.6302083333333334 0.57421875 0.5677083333333334
0 0.09619140625 0.380859375 0.0537109375 0.22265625
0 0.1533203125 0.3919270833333333 0.05078125 0.20052083333333334
0 0.208984375 0.4134114583333333 0.060546875 0.2877604166666667
0 0.212890625 0.4010416666666667 0.025390625 0.20833333333333334
0 0.26171875 0.328125 0.05859375 0.09635416666666667
0 0.29296875 0.3040364583333333 0.03125 0.040364583333333336
0 0.6044921875 0.4309895833333333 0.0859375 0.20052083333333334
0 0.62548828125 0.369140625 0.0263671875 0.045572916666666664
0 0.658203125 0.4290364583333333 0.064453125 0.2643229166666667
0 0.73876953125 0.4069010416666667 0.0380859375 0.061197916666666664
0 0.767578125 0.4069010416666667 0.01953125 0.040364583333333336
0 0.87939453125 0.630859375 0.2392578125 0.7356770833333334
0 0.806640625 0.4401041666666667 0.056640625 0.15885416666666666
0 0.82958984375 0.4283854166666667 0.0400390625 0.1640625
0 0.84423828125 0.435546875 0.0361328125 0.15494791666666666
0 0.87109375 0.3893229166666667 0.03125 0.0703125
0 0.923828125 0.3990885416666667 0.076171875 0.17578125
