0 0.1552734375 0.4680989583333333 0.03515625 0.048177083333333336
0 0.19873046875 0.486328125 0.0361328125 0.09505208333333333
0 0.263671875 0.5514322916666666 0.037109375 0.20703125
0 0.2841796875 0.5462239583333334 0.044921875 0.21744791666666666
0 0.31396484375 0.5481770833333334 0.0654296875 0.20833333333333334
0 0.3369140625 0.560546875 0.056640625 0.18359375
0 0.380859375 0.5559895833333334 0.08203125 0.2421875
0 0.4091796875 0.560546875 0.06640625 0.22526041666666666
0 0.45654296875 0.56640625 0.0615234375 0.1953125
0 0.4755859375 0.572265625 0.068359375 0.19661458333333334
0 0.50634765625 0.5813802083333334 0.0654296875 0.20963541666666666
0 0.5546875 0.5794270833333334 0.06640625 0.23697916666666666
0 0.609375 0.5755208333333334 0.064453125 0.2630208333333333
0 0.6240234375 0.61328125 0.083984375 0.23958333333333334
0 0.693359375 0.5904947916666666 0.087890625 0.2669270833333333
0 0.6923828125 0.5950520833333334 0.083984375 0.2682291666666667
0 0.7392578125 0.5944010416666666 0.05859375 0.21744791666666666
0 0.76220703125 0.6067708333333334 0.0849609375 0.22395833333333334
0 0.8212890625 0.619140625 0.10546875 0.21744791666666666
0 0.7939453125 0.60546875 0.04296875 0.20052083333333334
0 0.88427734375 0.6380208333333334 0.0537109375 0.24739583333333334
0 0.89697265625 0.615234375 0.0732421875 0.2565104166666667
0 0.95654296875 0.6302083333333334 0.0849609375 0.20572916666666666
0 0.96875 0.6380208333333334 0.060546875 0.22395833333333334
1 0.111328125 0.59765625 0.22265625 0.22916666666666666
1 0.11181640625 0.51171875 0.2236328125 0.18229166666666666
1 0.52197265625 0.9466145833333334 0.6201171875 0.10416666666666667
