0 0.51220703125 0.232421875 0.1103515625 0.2981770833333333
0 0.0595703125 0.4739583333333333 0.119140625 0.2942708333333333
0 0.40185546875 0.22135416666666666 0.0224609375 0.07291666666666667
0 0.42041015625 0.21158854166666666 0.0126953125 0.053385416666666664
0 0.43359375 0.21614583333333334 0.01953125 0.057291666666666664
0 0.4599609375 0.20963541666666666 0.009765625 0.0546875
0 0.4716796875 0.20638020833333334 0.009765625 0.048177083333333336
0 0.81982421875 0.22395833333333334 0.0458984375 0.16666666666666666
0 0.861328125 0.2265625 0.05078125 0.171875
0 0.89111328125 0.22786458333333334 0.0244140625 0.14583333333333334
1 0.5107421875 0.5494791666666666 0.83203125 0.5859375
1 0.689453125 0.267578125 0.275390625 0.24088541666666666
