0 0.38525390625 0.6375 0.1025390625 0.4632352941176471
0 0.50244140625 0.6139705882352942 0.0810546875 0.48676470588235293
0 0.55810546875 0.4852941176470588 0.0244140625 0.14411764705882352
0 0.6689453125 0.4573529411764706 0.009765625 0.058823529411764705
0 0.703125 0.4522058823529412 0.01953125 0.057352941176470586
0 0.857421875 0.4551470588235294 0.025390625 0.08088235294117647
0 0.87255859375 0.4455882352941177 0.0126953125 0.06470588235294118
0 0.91064453125 0.4514705882352941 0.0322265625 0.058823529411764705
0 0.94482421875 0.4551470588235294 0.0166015625 0.08088235294117647
0 0.9638671875 0.45073529411764707 0.01953125 0.08088235294117647
1 0.04833984375 0.5522058823529412 0.0966796875 0.175
1 0.29833984375 0.6889705882352941 0.5966796875 0.4573529411764706
1 0.30419921875 0.45808823529411763 0.2314453125 0.0838235294117647
1 0.43505859375 0.4698529411764706 0.0732421875 0.060294117647058824
