0 0.9453125 0.232421875 0.095703125 0.46484375
0 0.12109375 0.14127604166666666 0.041015625 0.11328125
0 0.18017578125 0.13151041666666666 0.0517578125 0.13541666666666666
0 0.22216796875 0.12044270833333333 0.0302734375 0.12630208333333334
0 0.3427734375 0.0703125 0.05078125 0.052083333333333336
0 0.3837890625 0.054036458333333336 0.033203125 0.048177083333333336
0 0.78173828125 0.046223958333333336 0.0302734375 0.06380208333333333
0 0.82861328125 0.044921875 0.0478515625 0.08984375
0 0.8583984375 0.051432291666666664 0.041015625 0.10286458333333333
1 0.52880859375 0.490234375 0.8505859375 0.98046875
1 0.1826171875 0.028645833333333332 0.021484375 0.026041666666666668
1 0.22021484375 0.08333333333333333 0.0283203125 0.015625
1 0.2685546875 0.020833333333333332 0.01171875 0.010416666666666666
1 0.29541015625 0.021484375 0.0146484375 0.016927083333333332
1 0.3232421875 0.008463541666666666 0.015625 0.014322916666666666
1 0.345703125 0.029947916666666668 0.0234375 0.013020833333333334
1 0.3525390625 0.005208333333333333 0.025390625 0.005208333333333333
1 0.376953125 0.0032552083333333335 0.01171875 0.006510416666666667
1 0.76806640625 0.17903645833333334 0.2626953125 0.3580729166666667
1 0.7548828125 0.109375 0.099609375 0.06510416666666667
