0 0.8779296875 0.7063802083333334 0.05859375 0.15755208333333334
0 0.240234375 0.6764322916666666 0.03125 0.08984375
0 0.34521484375 0.6640625 0.0185546875 0.1015625
0 0.5205078125 0.72265625 0.099609375 0.296875
0 0.626953125 0.7473958333333334 0.0859375 0.3229166666666667
0 0.65771484375 0.62890625 0.0283203125 0.049479166666666664
0 0.70263671875 0.6666666666666666 0.0712890625 0.16927083333333334
0 0.7568359375 0.6790364583333334 0.046875 0.16276041666666666
1 0.13623046875 0.64453125 0.0244140625 0.026041666666666668
1 0.1962890625 0.6432291666666666 0.033203125 0.0390625
1 0.66162109375 0.8671875 0.6748046875 0.2630208333333333
