0 0.6689453125 0.45095168374816985 0.10546875 0.22840409956076135
0 0.04345703125 0.39970717423133234 0.0166015625 0.07613469985358712
0 0.07763671875 0.4150805270863836 0.0322265625 0.12152269399707175
0 0.087890625 0.43265007320644217 0.029296875 0.1390922401171303
0 0.57568359375 0.4480234260614934 0.0556640625 0.16691068814055637
0 0.810546875 0.431185944363104 0.04296875 0.1390922401171303
1 0.501953125 0.5856515373352855 0.94140625 0.6061493411420205
1 0.3525390625 0.3850658857979502 0.111328125 0.04978038067349927
1 0.41796875 0.42825768667642755 0.134765625 0.07759882869692533
1 0.51904296875 0.4341142020497804 0.0712890625 0.07174231332357248
1 0.84716796875 0.5651537335285505 0.3037109375 0.32503660322108346
