0 0.92626953125 0.31149927219796214 0.0810546875 0.264919941775837
0 0.12646484375 0.28820960698689957 0.1005859375 0.34643377001455605
0 0.25 0.20160116448326054 0.021484375 0.033478893740902474
0 0.25732421875 0.19868995633187772 0.0185546875 0.039301310043668124
0 0.3935546875 0.1703056768558952 0.017578125 0.034934497816593885
0 0.40478515625 0.17976710334788937 0.0126953125 0.042212518195050945
0 0.4296875 0.18777292576419213 0.015625 0.0611353711790393
0 0.447265625 0.1826783114992722 0.01953125 0.06259097525473072
0 0.634765625 0.22780203784570596 0.08203125 0.11208151382823872
0 0.62939453125 0.17758369723435224 0.0263671875 0.0611353711790393
1 0.04833984375 0.2933042212518195 0.0966796875 0.1324599708879185
1 0.48095703125 0.5007278020378457 0.8759765625 0.7394468704512372
1 0.1826171875 0.24963609898107714 0.111328125 0.09170305676855896
1 0.48681640625 0.25836972343522563 0.4541015625 0.2925764192139738
1 0.32470703125 0.2052401746724891 0.0810546875 0.043668122270742356
1 0.4619140625 0.21033478893740903 0.203125 0.13537117903930132
1 0.49951171875 0.19213973799126638 0.1142578125 0.11062590975254731
1 0.54150390625 0.18631732168850074 0.0634765625 0.034934497816593885
