0 0.30810546875 0.4496732026143791 0.0419921875 0.06535947712418301
0 0.384765625 0.43594771241830066 0.02734375 0.043137254901960784
0 0.4130859375 0.4503267973856209 0.01953125 0.03529411764705882
0 0.43505859375 0.44313725490196076 0.0205078125 0.0392156862745098
0 0.48974609375 0.4562091503267974 0.0205078125 0.026143790849673203
0 0.53076171875 0.4993464052287582 0.0458984375 0.12287581699346405
0 0.59375 0.5117647058823529 0.03125 0.15555555555555556
0 0.61279296875 0.5 0.0361328125 0.16862745098039217
0 0.65234375 0.49673202614379086 0.041015625 0.15947712418300652
0 0.6630859375 0.5104575163398692 0.03515625 0.16862745098039217
0 0.68505859375 0.5143790849673202 0.0380859375 0.1895424836601307
0 0.71337890625 0.5026143790849673 0.0224609375 0.12679738562091503
0 0.76513671875 0.49607843137254903 0.1259765625 0.28366013071895424
0 0.76025390625 0.46862745098039216 0.0263671875 0.06928104575163399
0 0.85498046875 0.5084967320261438 0.0634765625 0.17777777777777778
0 0.91259765625 0.49673202614379086 0.0712890625 0.20915032679738563
1 0.3408203125 0.5790849673202615 0.392578125 0.2457516339869281
