0 0.93212890625 0.5300586510263929 0.0791015625 0.45894428152492667
0 0.06982421875 0.46994134897360706 0.0361328125 0.18035190615835778
0 0.32080078125 0.5139296187683284 0.0673828125 0.10410557184750734
0 0.49365234375 0.4736070381231672 0.1123046875 0.1378299120234604
0 0.49365234375 0.35410557184750735 0.0263671875 0.016129032258064516
0 0.53369140625 0.3651026392961877 0.0263671875 0.017595307917888565
0 0.56494140625 0.3812316715542522 0.0263671875 0.07038123167155426
0 0.75146484375 0.42302052785923755 0.0380859375 0.09824046920821114
0 0.791015625 0.44208211143695014 0.04296875 0.1158357771260997
0 0.81689453125 0.5483870967741935 0.0693359375 0.34017595307917886
0 0.89697265625 0.5271260997067448 0.0595703125 0.3885630498533724
0 0.96923828125 0.5249266862170088 0.0537109375 0.33724340175953077
0 0.98974609375 0.5733137829912024 0.0185546875 0.3841642228739003
1 0.064453125 0.44281524926686217 0.12890625 0.19648093841642228
1 0.09619140625 0.5036656891495601 0.0400390625 0.10997067448680352
1 0.435546875 0.6517595307917888 0.677734375 0.5909090909090909
1 0.6689453125 0.5454545454545454 0.345703125 0.24633431085043989
