0 0.0537109375 0.6295572916666666 0.09375 0.14713541666666666
0 0.0341796875 0.5638020833333334 0.048828125 0.09635416666666667
0 0.095703125 0.7421875 0.08203125 0.3567708333333333
0 0.08984375 0.5651041666666666 0.044921875 0.10416666666666667
0 0.1513671875 0.7604166666666666 0.140625 0.40625
0 0.13427734375 0.5286458333333334 0.0224609375 0.036458333333333336
0 0.16455078125 0.5436197916666666 0.0283203125 0.048177083333333336
0 0.18994140625 0.6184895833333334 0.0712890625 0.19010416666666666
0 0.212890625 0.6061197916666666 0.0625 0.18619791666666666
0 0.20166015625 0.5345052083333334 0.0185546875 0.045572916666666664
0 0.29296875 0.5169270833333334 0.013671875 0.0234375
0 0.3466796875 0.509765625 0.017578125 0.02734375
0 0.552734375 0.5970052083333334 0.04296875 0.048177083333333336
0 0.6259765625 0.5247395833333334 0.03125 0.036458333333333336
0 0.658203125 0.517578125 0.015625 0.03515625
0 0.69287109375 0.5279947916666666 0.0224609375 0.06640625
0 0.7060546875 0.5345052083333334 0.02734375 0.06640625
0 0.74365234375 0.5494791666666666 0.0498046875 0.07291666666666667
0 0.89892578125 0.5930989583333334 0.0830078125 0.20963541666666666
0 0.94140625 0.5579427083333334 0.04296875 0.13671875
1 0.20166015625 0.546875 0.0888671875 0.0546875
1 0.28759765625 0.5716145833333334 0.0869140625 0.11458333333333333
1 0.3984375 0.5950520833333334 0.265625 0.18229166666666666
1 0.5634765625 0.650390625 0.53125 0.23046875
1 0.51513671875 0.5266927083333334 0.0791015625 0.08463541666666667
1 0.59228515625 0.53515625 0.1162109375 0.078125
1 0.79638671875 0.59375 0.2041015625 0.15625
