1 0.5849609375 0.5705882352941176 0.828125 0.7029411764705882
0 0.03173828125 0.4632352941176471 0.0126953125 0.03235294117647059
0 0.06103515625 0.5073529411764706 0.0126953125 0.09411764705882353
0 0.07275390625 0.5294117647058824 0.0166015625 0.10294117647058823
0 0.2216796875 0.5433823529411764 0.021484375 0.06323529411764706
0 0.26806640625 0.44191176470588234 0.0263671875 0.07205882352941176
0 0.2958984375 0.43529411764705883 0.03515625 0.05
0 0.3349609375 0.524264705882353 0.033203125 0.039705882352941174
0 0.3583984375 0.5338235294117647 0.029296875 0.047058823529411764
0 0.626953125 0.4088235294117647 0.427734375 0.7411764705882353
0 0.93310546875 0.34044117647058825 0.0302734375 0.022058823529411766
1 0.802734375 0.41102941176470587 0.37109375 0.22794117647058823
