1 0.5095168374816984 0.736328125 0.890190336749634 0.466796875
0 0.1493411420204978 0.3701171875 0.03806734992679356 0.04296875
0 0.2891654465592972 0.34130859375 0.021961932650073207 0.0224609375
0 0.3162518301610542 0.33837890625 0.017569546120058566 0.0185546875
0 0.3616398243045388 0.34912109375 0.02342606149341142 0.0244140625
0 0.3806734992679356 0.34765625 0.020497803806734993 0.009765625
0 0.4011713030746706 0.3486328125 0.014641288433382138 0.01171875
0 0.4377745241581259 0.3388671875 0.020497803806734993 0.01953125
0 0.6500732064421669 0.41455078125 0.04685212298682284 0.1181640625
0 0.6808199121522694 0.33935546875 0.014641288433382138 0.0185546875
0 0.698389458272328 0.33740234375 0.02342606149341142 0.0166015625
0 0.712298682284041 0.3388671875 0.016105417276720352 0.013671875
0 0.9538799414348462 0.44921875 0.060029282576866766 0.1484375
0 0.972181551976574 0.3525390625 0.029282576866764276 0.044921875
0 0.9707174231332357 0.33740234375 0.020497803806734993 0.0302734375
