0 0.04541015625 0.49780701754385964 0.0263671875 0.07163742690058479
0 0.33251953125 0.564327485380117 0.0556640625 0.25146198830409355
0 0.37060546875 0.5416666666666666 0.0361328125 0.15935672514619884
1 0.02685546875 0.5190058479532164 0.0537109375 0.05847953216374269
1 0.0703125 0.5014619883040936 0.072265625 0.043859649122807015
1 0.09375 0.5372807017543859 0.09765625 0.08333333333333333
1 0.13427734375 0.5782163742690059 0.0322265625 0.05701754385964912
1 0.36474609375 0.5796783625730995 0.1318359375 0.1564327485380117
1 0.86865234375 0.6944444444444444 0.2607421875 0.29239766081871343
1 0.84130859375 0.5745614035087719 0.1220703125 0.07602339181286549
