0 0.14794921875 0.5389705882352941 0.0146484375 0.057352941176470586
0 0.173828125 0.538235294117647 0.015625 0.07352941176470588
0 0.21044921875 0.5102941176470588 0.0146484375 0.047058823529411764
0 0.26123046875 0.5808823529411765 0.0849609375 0.20294117647058824
0 0.33984375 0.5477941176470589 0.03125 0.12205882352941176
0 0.35498046875 0.5448529411764705 0.0361328125 0.12205882352941176
0 0.39990234375 0.55 0.0380859375 0.14411764705882352
0 0.45654296875 0.5139705882352941 0.0322265625 0.10147058823529412
0 0.49169921875 0.5610294117647059 0.0400390625 0.17205882352941176
0 0.57421875 0.5198529411764706 0.025390625 0.11323529411764706
1 0.04541015625 0.5566176470588236 0.0791015625 0.0838235294117647
