0 0.861328125 0.3197080291970803 0.0546875 0.18394160583941604
0 0.26953125 0.3635036496350365 0.0234375 0.10802919708029197
0 0.294921875 0.362043795620438 0.03515625 0.09927007299270073
0 0.35498046875 0.35255474452554747 0.0244140625 0.10948905109489052
0 0.36865234375 0.345985401459854 0.0224609375 0.12846715328467154
0 0.40234375 0.3452554744525547 0.03515625 0.13284671532846715
0 0.43310546875 0.33941605839416056 0.0205078125 0.12992700729927006
0 0.52783203125 0.3656934306569343 0.0166015625 0.09781021897810219
0 0.5576171875 0.36423357664233574 0.017578125 0.10072992700729927
0 0.9384765625 0.3605839416058394 0.02734375 0.08175182481751825
1 0.08984375 0.3167883211678832 0.1796875 0.1897810218978102
