0 0.84716796875 0.11932650073206442 0.1298828125 0.17715959004392387
0 0.060546875 0.212298682284041 0.025390625 0.043923865300146414
0 0.23876953125 0.23718887262079064 0.1318359375 0.30161054172767204
0 0.498046875 0.22913616398243045 0.05859375 0.08052708638360176
0 0.65673828125 0.2240117130307467 0.0302734375 0.043923865300146414
0 0.87744140625 0.28184480234260617 0.0908203125 0.18301610541727673
1 0.20166015625 0.32210834553440704 0.4033203125 0.42752562225475843
1 0.48828125 0.5446559297218155 0.904296875 0.7408491947291361
1 0.4609375 0.1720351390922401 0.26171875 0.18301610541727673
1 0.67626953125 0.18448023426061494 0.3095703125 0.14641288433382138
1 0.9462890625 0.24816983894582723 0.10546875 0.24158125915080528
