0 0.10498046875 0.46691176470588236 0.1298828125 0.5044117647058823
0 0.14599609375 0.32573529411764707 0.0966796875 0.2514705882352941
0 0.2724609375 0.5764705882352941 0.2578125 0.38235294117647056
0 0.1953125 0.30367647058823527 0.0625 0.21029411764705883
0 0.43359375 0.4022058823529412 0.078125 0.27205882352941174
0 0.51318359375 0.4088235294117647 0.0673828125 0.3
0 0.76171875 0.5705882352941176 0.416015625 0.8558823529411764
0 0.58837890625 0.39338235294117646 0.0556640625 0.21323529411764705
1 0.29931640625 0.29558823529411765 0.1279296875 0.09705882352941177
1 0.3564453125 0.2852941176470588 0.025390625 0.03529411764705882
1 0.763671875 0.6360294117647058 0.470703125 0.725
1 0.568359375 0.3095588235294118 0.025390625 0.060294117647058824
