1 0.31494140625 0.708029197080292 0.3603515625 0.2364963503649635
0 0.0263671875 0.6525547445255474 0.029296875 0.06423357664233577
0 0.06005859375 0.6481751824817519 0.0205078125 0.07591240875912408
0 0.11962890625 0.6481751824817519 0.0556640625 0.1343065693430657
0 0.13720703125 0.6496350364963503 0.0068359375 0.035036496350364967
0 0.15966796875 0.6554744525547446 0.0185546875 0.040875912408759124
0 0.18505859375 0.6532846715328468 0.0205078125 0.059854014598540145
0 0.212890625 0.6547445255474452 0.01171875 0.04525547445255475
0 0.265625 0.6408759124087591 0.01171875 0.017518248175182483
0 0.53271484375 0.6722627737226278 0.0107421875 0.033576642335766425
0 0.82958984375 0.67007299270073 0.1474609375 0.656934306569343
0 0.95751953125 0.7145985401459855 0.0830078125 0.5678832116788322
1 0.03466796875 0.6481751824817519 0.0693359375 0.049635036496350364
1 0.57421875 0.6941605839416058 0.091796875 0.08029197080291971
1 0.75927734375 0.7058394160583942 0.0732421875 0.12408759124087591
