1 0.826171875 0.2525622254758419 0.28125 0.2240117130307467
0 0.10400390625 0.2759882869692533 0.0322265625 0.14494875549048317
0 0.240234375 0.5300146412884333 0.185546875 0.7115666178623719
0 0.166015625 0.2635431918008785 0.03125 0.1259150805270864
0 0.2763671875 0.24597364568081992 0.046875 0.10248901903367497
0 0.32080078125 0.246705710102489 0.0322265625 0.1478770131771596
0 0.3505859375 0.2540263543191801 0.029296875 0.13323572474377746
0 0.3955078125 0.24890190336749635 0.041015625 0.1376281112737921
0 0.5390625 0.26720351390922403 0.03515625 0.1478770131771596
0 0.57421875 0.30234260614934116 0.072265625 0.3089311859443631
0 0.6396484375 0.3206442166910688 0.048828125 0.30161054172767204
1 0.01416015625 0.29209370424597364 0.0283203125 0.10980966325036604
1 0.0986328125 0.6632503660322109 0.197265625 0.6705710102489019
1 0.17919921875 0.2342606149341142 0.0615234375 0.0849194729136164
1 0.453125 0.2445095168374817 0.0703125 0.1054172767203514
1 0.509765625 0.2452415812591508 0.12890625 0.11859443631039532
1 0.63671875 0.24158125915080528 0.177734375 0.14641288433382138
1 0.97509765625 0.3089311859443631 0.0478515625 0.2342606149341142
