0 0.6923828125 0.2864583333333333 0.048828125 0.16666666666666666
0 0.01904296875 0.3246527777777778 0.0380859375 0.2986111111111111
0 0.0439453125 0.3142361111111111 0.060546875 0.3263888888888889
0 0.087890625 0.3263888888888889 0.0625 0.3020833333333333
0 0.15380859375 0.3125 0.0556640625 0.19791666666666666
0 0.20703125 0.3029513888888889 0.060546875 0.2378472222222222
0 0.2265625 0.1935763888888889 0.017578125 0.026041666666666668
0 0.2607421875 0.18055555555555555 0.04296875 0.05555555555555555
0 0.5927734375 0.2881944444444444 0.025390625 0.11458333333333333
0 0.63818359375 0.296875 0.0361328125 0.1388888888888889
0 0.75732421875 0.3081597222222222 0.0283203125 0.17881944444444445
1 0.47265625 0.4895833333333333 0.83203125 0.4097222222222222
