0 0.15625 0.3125 0.076171875 0.08333333333333333
0 0.3779296875 0.3587239583333333 0.064453125 0.13411458333333334
0 0.40185546875 0.306640625 0.0224609375 0.07161458333333333
0 0.43017578125 0.302734375 0.0244140625 0.061197916666666664
0 0.61083984375 0.357421875 0.0458984375 0.12369791666666667
0 0.64111328125 0.3522135416666667 0.0556640625 0.13671875
0 0.7001953125 0.2701822916666667 0.021484375 0.08203125
0 0.720703125 0.265625 0.015625 0.0703125
0 0.89404296875 0.357421875 0.0947265625 0.2799479166666667
1 0.087890625 0.3352864583333333 0.12890625 0.07161458333333333
1 0.26220703125 0.3365885416666667 0.0927734375 0.08984375
1 0.48388671875 0.306640625 0.1005859375 0.06380208333333333
1 0.6708984375 0.2819010416666667 0.064453125 0.055989583333333336
1 0.7685546875 0.3489583333333333 0.205078125 0.13541666666666666
1 0.73486328125 0.2662760416666667 0.0576171875 0.037760416666666664
1 0.7958984375 0.263671875 0.05859375 0.055989583333333336
