0 0.58447265625 0.4674479166666667 0.0869140625 0.10677083333333333
0 0.24755859375 0.548828125 0.0732421875 0.26953125
0 0.36767578125 0.458984375 0.0771484375 0.10026041666666667
0 0.41015625 0.462890625 0.041015625 0.09244791666666667
0 0.44384765625 0.4576822916666667 0.0283203125 0.09765625
0 0.47607421875 0.4479166666666667 0.0771484375 0.11197916666666667
0 0.53857421875 0.462890625 0.0224609375 0.08984375
0 0.6181640625 0.45703125 0.04296875 0.11197916666666667
0 0.69189453125 0.4453125 0.0810546875 0.13541666666666666
0 0.76708984375 0.5657552083333334 0.0791015625 0.3033854166666667
1 0.04736328125 0.609375 0.0947265625 0.265625
1 0.19384765625 0.5598958333333334 0.2470703125 0.20052083333333334
1 0.51220703125 0.451171875 0.0244140625 0.016927083333333332
1 0.81005859375 0.4576822916666667 0.0380859375 0.02734375
1 0.85107421875 0.4928385416666667 0.1005859375 0.12109375
1 0.91455078125 0.5266927083333334 0.1455078125 0.14973958333333334
1 0.93359375 0.615234375 0.130859375 0.3059895833333333
