0 0.4853515625 0.6493411420204978 0.083984375 0.32650073206442165
0 0.18603515625 0.44216691068814057 0.0166015625 0.07027818448023426
0 0.3330078125 0.5234260614934114 0.056640625 0.15373352855051245
0 0.3505859375 0.4970717423133236 0.03125 0.13030746705710103
0 0.58251953125 0.33821376281112736 0.0048828125 0.029282576866764276
0 0.724609375 0.34480234260614934 0.009765625 0.03367496339677892
0 0.736328125 0.3330893118594436 0.0078125 0.027818448023426062
0 0.7431640625 0.3330893118594436 0.005859375 0.03074670571010249
1 0.0263671875 0.7342606149341142 0.052734375 0.19765739385065886
1 0.59912109375 0.46925329428989754 0.1044921875 0.1273792093704246
1 0.83203125 0.33382137628111275 0.033203125 0.029282576866764276
