0 0.3037109375 0.5084635416666666 0.044921875 0.16276041666666666
0 0.7158203125 0.4361979166666667 0.021484375 0.057291666666666664
0 0.73828125 0.4381510416666667 0.01953125 0.07161458333333333
0 0.77392578125 0.4212239583333333 0.0205078125 0.048177083333333336
0 0.78955078125 0.5071614583333334 0.0322265625 0.06901041666666667
0 0.7958984375 0.4583333333333333 0.02734375 0.08072916666666667
0 0.80029296875 0.40625 0.0185546875 0.026041666666666668
0 0.80615234375 0.4576822916666667 0.0224609375 0.06901041666666667
0 0.81787109375 0.4029947916666667 0.0146484375 0.04296875
0 0.83203125 0.4583333333333333 0.029296875 0.08072916666666667
0 0.87646484375 0.4641927083333333 0.0380859375 0.09244791666666667
0 0.90185546875 0.486328125 0.0302734375 0.10807291666666667
0 0.9091796875 0.5123697916666666 0.021484375 0.08203125
0 0.9501953125 0.49609375 0.05078125 0.11458333333333333
1 0.5390625 0.5559895833333334 0.287109375 0.2109375
