0 0.12744140625 0.66015625 0.2548828125 0.6770833333333334
0 0.11181640625 0.4576822916666667 0.0712890625 0.19921875
0 0.21240234375 0.435546875 0.0634765625 0.12890625
0 0.2705078125 0.4446614583333333 0.052734375 0.14713541666666666
0 0.34716796875 0.4596354166666667 0.0458984375 0.19010416666666666
0 0.40380859375 0.4505208333333333 0.0517578125 0.140625
0 0.4501953125 0.6139322916666666 0.11328125 0.48828125
0 0.42724609375 0.4049479166666667 0.0224609375 0.078125
0 0.45263671875 0.404296875 0.0205078125 0.07421875
0 0.56201171875 0.548828125 0.1455078125 0.4153645833333333
0 0.76708984375 0.388671875 0.0244140625 0.05859375
0 0.78173828125 0.3639322916666667 0.0244140625 0.06640625
1 0.77783203125 0.6966145833333334 0.4423828125 0.6041666666666666
