1 0.4345703125 0.584070796460177 0.7265625 0.7256637168141593
0 0.08837890625 0.4277286135693215 0.1201171875 0.5191740412979351
0 0.12744140625 0.42109144542772864 0.0849609375 0.4823008849557522
0 0.36376953125 0.20353982300884957 0.0537109375 0.04424778761061947
1 0.03369140625 0.23820058997050148 0.0380859375 0.0752212389380531
1 0.162109375 0.25 0.0625 0.051622418879056046
1 0.49951171875 0.24631268436578171 0.0380859375 0.05309734513274336
1 0.5478515625 0.24336283185840707 0.05859375 0.058997050147492625
1 0.59521484375 0.2485250737463127 0.0634765625 0.05457227138643068
1 0.68359375 0.23672566371681417 0.052734375 0.030973451327433628
1 0.7255859375 0.26327433628318586 0.0703125 0.051622418879056046
1 0.75439453125 0.24041297935103245 0.0517578125 0.029498525073746312
1 0.79443359375 0.2662241887905605 0.0634765625 0.03687315634218289
1 0.9072265625 0.24631268436578171 0.091796875 0.04424778761061947
1 0.90234375 0.26327433628318586 0.060546875 0.051622418879056046
1 0.9892578125 0.26253687315634217 0.01953125 0.04424778761061947
