0 0.2470703125 0.6127379209370425 0.083984375 0.32650073206442165
0 0.3486328125 0.6310395314787701 0.111328125 0.3484626647144949
0 0.55224609375 0.513177159590044 0.0224609375 0.0629575402635432
0 0.5751953125 0.513909224011713 0.01953125 0.08784773060029283
1 0.1533203125 0.5366032210834554 0.146484375 0.1478770131771596
1 0.291015625 0.5256222547584187 0.06640625 0.1171303074670571
1 0.35009765625 0.5197657393850659 0.1416015625 0.13177159590043924
1 0.3974609375 0.5424597364568082 0.05859375 0.08638360175695461
1 0.46728515625 0.5248901903367497 0.0673828125 0.07759882869692533
1 0.48974609375 0.5073206442166911 0.0498046875 0.05417276720351391
1 0.77392578125 0.5168374816983895 0.1220703125 0.09370424597364568
1 0.78076171875 0.5922401171303074 0.1123046875 0.13616398243045388
1 0.91748046875 0.7027818448023426 0.1630859375 0.3484626647144949
