0 0.62646484375 0.1013215859030837 0.0693359375 0.14684287812041116
1 0.5546875 0.5146842878120411 0.837890625 0.762114537444934
0 0.064453125 0.3208516886930984 0.12890625 0.6417033773861968
0 0.26953125 0.13509544787077826 0.130859375 0.2701908957415565
0 0.2578125 0.035976505139500736 0.025390625 0.030837004405286344
0 0.693359375 0.12261380323054331 0.078125 0.13069016152716592
0 0.7158203125 0.0947136563876652 0.01953125 0.06607929515418502
1 0.4560546875 0.011747430249632892 0.0234375 0.011747430249632892
1 0.5 0.09985315712187959 0.013671875 0.01762114537444934
1 0.51708984375 0.10058737151248165 0.0126953125 0.013215859030837005
1 0.5400390625 0.10058737151248165 0.015625 0.013215859030837005
1 0.88916015625 0.27386196769456683 0.2197265625 0.2834067547723935
1 0.91845703125 0.8120411160058737 0.1611328125 0.37298091042584436
