0 0.17647058823529413 0.62353515625 0.08823529411764706 0.1708984375
0 0.03161764705882353 0.62060546875 0.06323529411764706 0.1806640625
0 0.04411764705882353 0.3935546875 0.08823529411764706 0.087890625
0 0.13014705882352942 0.458984375 0.027941176470588237 0.08203125
0 0.22794117647058823 0.46875 0.052941176470588235 0.052734375
0 0.24779411764705883 0.60205078125 0.04852941176470588 0.1220703125
0 0.3095588235294118 0.60693359375 0.075 0.1123046875
0 0.29044117647058826 0.57421875 0.025 0.0625
0 0.3720588235294118 0.609375 0.061764705882352944 0.09765625
0 0.3977941176470588 0.5703125 0.027941176470588237 0.05078125
0 0.5573529411764706 0.60205078125 0.07647058823529412 0.0888671875
0 0.7441176470588236 0.5771484375 0.03529411764705882 0.041015625
1 0.7352941176470589 0.68310546875 0.5264705882352941 0.1826171875
1 0.7411764705882353 0.84228515625 0.5147058823529411 0.3134765625
1 0.8867647058823529 0.578125 0.08529411764705883 0.044921875
1 0.95 0.58837890625 0.09705882352941177 0.0556640625
