0 0.4619140625 0.6283464566929133 0.05859375 0.2204724409448819
0 0.04833984375 0.5236220472440944 0.0419921875 0.10866141732283464
0 0.0869140625 0.5322834645669291 0.04296875 0.11338582677165354
0 0.3662109375 0.6196850393700788 0.048828125 0.2188976377952756
0 0.396484375 0.6181102362204725 0.01953125 0.2220472440944882
0 0.419921875 0.6196850393700788 0.037109375 0.2251968503937008
0 0.56689453125 0.6015748031496063 0.0380859375 0.11338582677165354
0 0.6689453125 0.5496062992125984 0.025390625 0.050393700787401574
0 0.7373046875 0.5425196850393701 0.03125 0.048818897637795275
0 0.82666015625 0.574015748031496 0.0263671875 0.10551181102362205
0 0.89794921875 0.5566929133858268 0.0263671875 0.11496062992125984
0 0.9541015625 0.5582677165354331 0.033203125 0.08661417322834646
1 0.23681640625 0.6149606299212599 0.2509765625 0.2692913385826772
