1 0.470703125 0.5494791666666666 0.912109375 0.4140625
0 0.97265625 0.3736979166666667 0.0078125 0.036458333333333336
1 0.0224609375 0.4524739583333333 0.044921875 0.037760416666666664
1 0.0380859375 0.4635416666666667 0.06640625 0.06770833333333333
1 0.17333984375 0.462890625 0.2939453125 0.20963541666666666
1 0.50341796875 0.4283854166666667 0.0341796875 0.020833333333333332
1 0.5244140625 0.4544270833333333 0.046875 0.057291666666666664
1 0.76171875 0.41796875 0.05859375 0.0234375
1 0.9150390625 0.41015625 0.140625 0.046875
1 0.9892578125 0.412109375 0.01953125 0.03515625
