0 0.00927734375 0.7115666178623719 0.0185546875 0.07320644216691069
0 0.0263671875 0.6976573938506588 0.0234375 0.08052708638360176
0 0.05224609375 0.7430453879941434 0.0361328125 0.15080527086383602
0 0.0751953125 0.7423133235724744 0.025390625 0.1376281112737921
0 0.07666015625 0.6837481698389458 0.0126953125 0.03806734992679356
0 0.115234375 0.7408491947291361 0.0390625 0.13177159590043924
0 0.125 0.6866764275256223 0.015625 0.0527086383601757
0 0.16796875 0.8169838945827232 0.0625 0.23718887262079064
0 0.208984375 0.8177159590043924 0.046875 0.24158125915080528
0 0.4072265625 0.7840409956076134 0.044921875 0.19472913616398244
0 0.40087890625 0.6888726207906296 0.0185546875 0.0746705710102489
0 0.4150390625 0.6793557833089312 0.015625 0.07906295754026355
0 0.451171875 0.781112737920937 0.044921875 0.2005856515373353
0 0.45263671875 0.6866764275256223 0.0283203125 0.055636896046852125
0 0.5009765625 0.8821376281112738 0.09765625 0.232796486090776
0 0.46484375 0.6947291361639825 0.013671875 0.08052708638360176
0 0.46826171875 0.6742313323572474 0.0166015625 0.05417276720351391
0 0.47705078125 0.7042459736456809 0.0283203125 0.09956076134699854
0 0.61669921875 0.7708638360175696 0.0576171875 0.20937042459736457
0 0.65234375 0.6756954612005857 0.017578125 0.0629575402635432
0 0.65478515625 0.6654465592972182 0.0146484375 0.0629575402635432
0 0.677734375 0.7423133235724744 0.048828125 0.10248901903367497
0 0.66796875 0.6742313323572474 0.021484375 0.07174231332357248
0 0.69970703125 0.732796486090776 0.0439453125 0.10395314787701318
0 0.87109375 0.7320644216691069 0.033203125 0.1376281112737921
0 0.8876953125 0.7203513909224012 0.033203125 0.15519765739385066
1 0.2333984375 0.719619326500732 0.19921875 0.08931185944363104
1 0.810546875 0.8513909224011713 0.376953125 0.29428989751098095
