0 0.515625 0.1449652777777778 0.080078125 0.2690972222222222
1 0.4833984375 0.5086805555555556 0.744140625 0.90625
0 0.134765625 0.1449652777777778 0.0625 0.2899305555555556
0 0.44580078125 0.10850694444444445 0.0673828125 0.2170138888888889
0 0.88427734375 0.0703125 0.0888671875 0.140625
1 0.0205078125 0.06336805555555555 0.041015625 0.1267361111111111
1 0.06640625 0.09809027777777778 0.08203125 0.19618055555555555
1 0.23876953125 0.012152777777777778 0.0556640625 0.024305555555555556
1 0.3369140625 0.014756944444444444 0.111328125 0.029513888888888888
1 0.73095703125 0.3220486111111111 0.5361328125 0.6440972222222222
1 0.94970703125 0.1579861111111111 0.0986328125 0.1527777777777778
