0 0.31201171875 0.5453879941434846 0.1103515625 0.5226939970717424
1 0.19677734375 0.4978038067349927 0.1455078125 0.2020497803806735
0 0.4208984375 0.4868228404099561 0.041015625 0.1595900439238653
0 0.4365234375 0.4773060029282577 0.015625 0.12884333821376281
0 0.48583984375 0.4780380673499268 0.0380859375 0.17423133235724744
0 0.59375 0.5512445095168375 0.091796875 0.43484626647144947
1 0.39111328125 0.4582723279648609 0.0361328125 0.03513909224011713
1 0.453125 0.45973645680819913 0.025390625 0.040995607613469986
1 0.49462890625 0.47144948755490484 0.0673828125 0.06734992679355783
1 0.537109375 0.46046852122986826 0.029296875 0.04538799414348463
1 0.5986328125 0.4956076134699854 0.134765625 0.12152269399707175
1 0.7451171875 0.47218155197657397 0.107421875 0.08345534407027819
