0 0.5390625 0.5262008733624454 0.080078125 0.2576419213973799
0 0.3251953125 0.4410480349344978 0.025390625 0.05240174672489083
0 0.361328125 0.4650655021834061 0.046875 0.1091703056768559
0 0.40185546875 0.44541484716157204 0.0283203125 0.06404657933042213
0 0.4453125 0.4410480349344978 0.041015625 0.0611353711790393
0 0.4541015625 0.5131004366812227 0.05078125 0.1091703056768559
1 0.09423828125 0.49563318777292575 0.1884765625 0.1586608442503639
1 0.17236328125 0.462882096069869 0.1357421875 0.08442503639010189
1 0.84814453125 0.4708879184861718 0.1396484375 0.11499272197962154
1 0.95263671875 0.4519650655021834 0.0927734375 0.12372634643377002
