1 0.31298828125 0.837890625 0.4423828125 0.30078125
0 0.0537109375 0.6927083333333334 0.03125 0.10416666666666667
0 0.083984375 0.6901041666666666 0.033203125 0.08333333333333333
0 0.140625 0.720703125 0.046875 0.12109375
0 0.138671875 0.6634114583333334 0.02734375 0.055989583333333336
0 0.18701171875 0.6946614583333334 0.0556640625 0.13411458333333334
0 0.21337890625 0.6608072916666666 0.0380859375 0.07161458333333333
0 0.2451171875 0.4889322916666667 0.091796875 0.19401041666666666
0 0.4853515625 0.712890625 0.048828125 0.11588541666666667
0 0.5087890625 0.77734375 0.046875 0.23177083333333334
0 0.54638671875 0.765625 0.0654296875 0.25
0 0.60888671875 0.80078125 0.0654296875 0.171875
0 0.7548828125 0.8365885416666666 0.076171875 0.32421875
0 0.814453125 0.7955729166666666 0.07421875 0.2526041666666667
0 0.92138671875 0.6875 0.0380859375 0.12239583333333333
