1 0.41455078125 0.412109375 0.5595703125 0.48828125
0 0.04345703125 0.3229166666666667 0.0322265625 0.14322916666666666
0 0.31689453125 0.298828125 0.1162109375 0.12630208333333334
0 0.57568359375 0.2845052083333333 0.0498046875 0.11588541666666667
0 0.65673828125 0.318359375 0.0576171875 0.12369791666666667
0 0.7529296875 0.3841145833333333 0.072265625 0.1796875
0 0.79443359375 0.3072916666666667 0.0263671875 0.14583333333333334
0 0.806640625 0.3033854166666667 0.044921875 0.11458333333333333
0 0.87353515625 0.412109375 0.0888671875 0.3216145833333333
0 0.923828125 0.44140625 0.07421875 0.2838541666666667
