1 0.52099609375 0.6119791666666666 0.2080078125 0.17708333333333334
0 0.40771484375 0.654296875 0.0888671875 0.35546875
0 0.740234375 0.5807291666666666 0.0390625 0.10677083333333333
0 0.75341796875 0.58203125 0.0283203125 0.10677083333333333
0 0.8212890625 0.58203125 0.046875 0.203125
0 0.888671875 0.59375 0.0625 0.1875
0 0.9482421875 0.6028645833333334 0.068359375 0.19010416666666666
1 0.4423828125 0.6458333333333334 0.01953125 0.109375
1 0.619140625 0.5865885416666666 0.21875 0.18098958333333334
1 0.7197265625 0.5716145833333334 0.017578125 0.046875
1 0.8349609375 0.4915364583333333 0.0390625 0.024739583333333332
1 0.8681640625 0.5149739583333334 0.02734375 0.01953125
1 0.88232421875 0.4928385416666667 0.0498046875 0.024739583333333332
1 0.90869140625 0.4993489583333333 0.0302734375 0.01171875
1 0.95703125 0.5651041666666666 0.083984375 0.14322916666666666
