0 0.0107421875 0.86328125 0.021484375 0.08333333333333333
0 0.0283203125 0.9251302083333334 0.056640625 0.14192708333333334
0 0.115234375 0.7962239583333334 0.0078125 0.024739583333333332
0 0.267578125 0.86328125 0.013671875 0.041666666666666664
0 0.28564453125 0.8541666666666666 0.0087890625 0.03125
0 0.2958984375 0.8619791666666666 0.015625 0.0390625
0 0.68359375 0.8880208333333334 0.0234375 0.078125
0 0.74462890625 0.9361979166666666 0.0361328125 0.12239583333333333
0 0.755859375 0.8938802083333334 0.01953125 0.07421875
0 0.7734375 0.865234375 0.015625 0.014322916666666666
0 0.80517578125 0.9602864583333334 0.0419921875 0.07682291666666667
0 0.84765625 0.943359375 0.04296875 0.11067708333333333
0 0.91552734375 0.9420572916666666 0.0498046875 0.11328125
0 0.94873046875 0.8658854166666666 0.0087890625 0.0078125
1 0.126953125 0.9173177083333334 0.203125 0.16276041666666666
