1 0.4736328125 0.49633967789165445 0.822265625 0.931185944363104
0 0.412109375 0.1500732064421669 0.115234375 0.11859443631039532
0 0.57421875 0.14202049780380674 0.115234375 0.13469985358711567
0 0.74853515625 0.09882869692532943 0.0537109375 0.1595900439238653
0 0.81591796875 0.11200585651537336 0.0673828125 0.21522693997071743
0 0.888671875 0.050512445095168376 0.0546875 0.06588579795021962
0 0.89697265625 0.05929721815519766 0.0380859375 0.05124450951683748
1 0.18994140625 0.09004392386530015 0.2490234375 0.17130307467057102
1 0.50244140625 0.018301610541727673 0.0908203125 0.021961932650073207
1 0.67529296875 0.10102489019033675 0.0634765625 0.10248901903367497
1 0.78271484375 0.10175695461200586 0.0322265625 0.09224011713030747
1 0.9091796875 0.17569546120058566 0.1796875 0.3513909224011713
