0 0.19580078125 0.602919708029197 0.0869140625 0.42627737226277373
0 0.26025390625 0.49562043795620436 0.0244140625 0.10072992700729927
0 0.27880859375 0.49343065693430654 0.0205078125 0.10218978102189781
0 0.51513671875 0.491970802919708 0.0458984375 0.14014598540145987
0 0.58251953125 0.4802919708029197 0.0498046875 0.11970802919708029
0 0.6298828125 0.4554744525547445 0.021484375 0.14306569343065692
0 0.69091796875 0.4751824817518248 0.0400390625 0.09197080291970802
0 0.970703125 0.3788321167883212 0.056640625 0.35474452554744523
1 0.16455078125 0.5116788321167883 0.0361328125 0.0948905109489051
1 0.41162109375 0.6824817518248175 0.3232421875 0.4686131386861314
