0 0.18115234375 0.20234986945169714 0.0751953125 0.1227154046997389
0 0.0849609375 0.2212793733681462 0.025390625 0.07180156657963446
0 0.1279296875 0.24216710182767623 0.029296875 0.04308093994778068
0 0.18798828125 0.337467362924282 0.1103515625 0.1866840731070496
0 0.2724609375 0.2349869451697128 0.044921875 0.1279373368146214
0 0.3076171875 0.20953002610966057 0.037109375 0.1031331592689295
0 0.3876953125 0.2565274151436031 0.0234375 0.0587467362924282
0 0.94384765625 0.21214099216710183 0.0146484375 0.024804177545691905
0 0.9775390625 0.3348563968668407 0.04296875 0.3537859007832898
0 0.96533203125 0.2154046997389034 0.0146484375 0.020887728459530026
1 0.0859375 0.28067885117493474 0.171875 0.10182767624020887
1 0.51220703125 0.48237597911227154 0.9736328125 0.695822454308094
1 0.31689453125 0.2558746736292428 0.1708984375 0.10966057441253264
1 0.95751953125 0.3028720626631854 0.0634765625 0.22715404699738903
