0 0.0751953125 0.698547215496368 0.037109375 0.1549636803874092
0 0.1689453125 0.8196125907990315 0.125 0.21307506053268765
0 0.28076171875 0.7542372881355932 0.0419921875 0.17191283292978207
0 0.37451171875 0.7705811138014528 0.1123046875 0.3159806295399516
0 0.47509765625 0.7863196125907991 0.0615234375 0.30145278450363194
0 0.544921875 0.7857142857142857 0.103515625 0.3026634382566586
0 0.59619140625 0.7518159806295399 0.1259765625 0.35108958837772397
0 0.6611328125 0.7693704600484261 0.041015625 0.2288135593220339
0 0.69775390625 0.8002421307506054 0.0791015625 0.26150121065375304
0 0.8603515625 0.7693704600484261 0.138671875 0.31840193704600483
1 0.1220703125 0.6634382566585957 0.20703125 0.10411622276029056
1 0.9443359375 0.6997578692493946 0.109375 0.14285714285714285
