1 0.712890625 0.4498697916666667 0.099609375 0.10286458333333333
0 0.19677734375 0.5944010416666666 0.1728515625 0.3841145833333333
0 0.20947265625 0.5833333333333334 0.0888671875 0.28125
0 0.380859375 0.4557291666666667 0.099609375 0.17708333333333334
0 0.40087890625 0.16796875 0.0634765625 0.09114583333333333
0 0.4052734375 0.3053385416666667 0.056640625 0.14192708333333334
0 0.583984375 0.3463541666666667 0.060546875 0.17447916666666666
0 0.59619140625 0.19856770833333334 0.0439453125 0.08723958333333333
1 0.0078125 0.3639322916666667 0.015625 0.03515625
1 0.0595703125 0.3678385416666667 0.015625 0.02734375
1 0.107421875 0.3704427083333333 0.0390625 0.048177083333333336
1 0.1337890625 0.3717447916666667 0.025390625 0.037760416666666664
1 0.28515625 0.3834635416666667 0.01171875 0.05078125
