1 0.10205078125 0.5846354166666666 0.1181640625 0.1171875
0 0.61669921875 0.58984375 0.1259765625 0.25
1 0.00537109375 0.59765625 0.0107421875 0.0625
1 0.02392578125 0.5768229166666666 0.0478515625 0.10416666666666667
1 0.05078125 0.5735677083333334 0.041015625 0.08463541666666667
1 0.16650390625 0.572265625 0.0556640625 0.06380208333333333
1 0.19775390625 0.5813802083333334 0.0107421875 0.06380208333333333
1 0.5009765625 0.5475260416666666 0.01953125 0.024739583333333332
1 0.5166015625 0.5592447916666666 0.01953125 0.037760416666666664
1 0.544921875 0.5579427083333334 0.009765625 0.037760416666666664
