1 0.29541015625 0.5329428989751098 0.2451171875 0.24890190336749635
0 0.03173828125 0.5014641288433382 0.0498046875 0.09809663250366032
0 0.0908203125 0.5973645680819912 0.091796875 0.14055636896046853
0 0.08154296875 0.5571010248901903 0.0595703125 0.08931185944363104
0 0.271484375 0.39092240117130306 0.06640625 0.0849194729136164
0 0.3564453125 0.6954612005856515 0.091796875 0.15226939970717424
0 0.53515625 0.5468521229868228 0.0546875 0.16544655929721816
0 0.64208984375 0.6793557833089312 0.0810546875 0.16105417276720352
0 0.63427734375 0.5322108345534406 0.0498046875 0.0629575402635432
0 0.85595703125 0.7496339677891655 0.2314453125 0.49487554904831627
1 0.11669921875 0.5029282576866764 0.0537109375 0.1390922401171303
1 0.1787109375 0.5065885797950219 0.111328125 0.17569546120058566
