1 0.80615234375 0.5487394957983194 0.2900390625 0.334453781512605
0 0.22705078125 0.3941176470588235 0.0654296875 0.11932773109243698
0 0.33203125 0.3949579831932773 0.078125 0.14789915966386555
0 0.5087890625 0.44789915966386556 0.234375 0.28403361344537814
0 0.744140625 0.4117647058823529 0.15234375 0.1546218487394958
0 0.802734375 0.4495798319327731 0.05078125 0.13949579831932774
1 0.2158203125 0.4680672268907563 0.13671875 0.15630252100840336
1 0.33544921875 0.45294117647058824 0.1298828125 0.173109243697479
1 0.45068359375 0.4831932773109244 0.1181640625 0.173109243697479
1 0.5810546875 0.4890756302521008 0.18359375 0.2453781512605042
