0 0.49658203125 0.8782991202346041 0.0576171875 0.19648093841642228
1 0.125 0.8731671554252199 0.234375 0.2155425219941349
0 0.04736328125 0.781524926686217 0.0498046875 0.05865102639296188
0 0.099609375 0.843841642228739 0.08203125 0.27419354838709675
0 0.21923828125 0.8247800586510264 0.0224609375 0.0718475073313783
0 0.2578125 0.8460410557184751 0.048828125 0.20234604105571846
0 0.3134765625 0.8673020527859238 0.03515625 0.15689149560117302
0 0.30810546875 0.8717008797653959 0.0224609375 0.15689149560117302
0 0.35595703125 0.8563049853372434 0.0400390625 0.17595307917888564
0 0.40478515625 0.876099706744868 0.0263671875 0.08357771260997067
0 0.416015625 0.8709677419354839 0.015625 0.0469208211143695
0 0.4375 0.8782991202346041 0.01953125 0.0967741935483871
0 0.53173828125 0.8621700879765396 0.0361328125 0.1935483870967742
0 0.5830078125 0.8548387096774194 0.048828125 0.2316715542521994
0 0.65673828125 0.8680351906158358 0.0478515625 0.1906158357771261
0 0.71533203125 0.8731671554252199 0.0400390625 0.18621700879765396
0 0.75048828125 0.8731671554252199 0.0263671875 0.11290322580645161
0 0.78076171875 0.8812316715542522 0.0244140625 0.10850439882697947
0 0.83837890625 0.8812316715542522 0.0244140625 0.09090909090909091
0 0.9404296875 0.8922287390029325 0.017578125 0.10410557184750734
0 0.97314453125 0.8555718475073314 0.0517578125 0.2859237536656892
1 0.57958984375 0.8636363636363636 0.1142578125 0.1348973607038123
1 0.79931640625 0.8826979472140762 0.0302734375 0.03812316715542522
1 0.85205078125 0.8782991202346041 0.0556640625 0.06158357771260997
