0 0.87646484375 0.4640479360852197 0.0830078125 0.2836218375499334
1 0.54248046875 0.6724367509986684 0.5830078125 0.5858854860186418
0 0.05078125 0.3754993342210386 0.05078125 0.09054593874833555
0 0.15234375 0.6364846870838882 0.15625 0.5699067909454061
0 0.12451171875 0.4993342210386152 0.0869140625 0.3488681757656458
0 0.23974609375 0.38681757656458055 0.0693359375 0.1478029294274301
0 0.2578125 0.6511318242343542 0.095703125 0.5272969374167776
0 0.2939453125 0.38948069241011984 0.10546875 0.30758988015978694
0 0.3154296875 0.45139813581890814 0.05859375 0.2769640479360852
0 0.40087890625 0.33422103861517977 0.0302734375 0.07190412782956059
0 0.4287109375 0.3362183754993342 0.01171875 0.05725699067909454
0 0.52734375 0.5193075898801598 0.119140625 0.1411451398135819
0 0.56591796875 0.40745672436750996 0.0712890625 0.170439414114514
0 0.63720703125 0.3681757656458056 0.0498046875 0.0758988015978695
0 0.71240234375 0.3615179760319574 0.0400390625 0.09454061251664447
0 0.74072265625 0.36884154460719043 0.0400390625 0.07989347536617843
0 0.77685546875 0.4374167776298269 0.0888671875 0.21438082556591212
0 0.95458984375 0.40945406125166445 0.0419921875 0.13715046604527298
1 0.12890625 0.43075898801597867 0.248046875 0.2996005326231691
1 0.38134765625 0.3981358189081225 0.1298828125 0.1677762982689747
1 0.4853515625 0.33688415446071907 0.125 0.1278295605858855
1 0.65087890625 0.35419440745672437 0.0673828125 0.08255659121171771
