0 0.0283203125 0.3396778916544656 0.056640625 0.32503660322108346
0 0.05908203125 0.3169838945827233 0.0458984375 0.2445095168374817
0 0.09521484375 0.30600292825768666 0.0283203125 0.1698389458272328
0 0.10498046875 0.2767203513909224 0.0107421875 0.09077598828696926
0 0.13330078125 0.3374816983894583 0.0458984375 0.191800878477306
0 0.212890625 0.27232796486090777 0.03125 0.09663250366032211
0 0.234375 0.2657393850658858 0.03515625 0.07759882869692533
0 0.2587890625 0.2591508052708638 0.01953125 0.07613469985358712
0 0.27587890625 0.2349926793557833 0.0107421875 0.024890190336749635
0 0.28466796875 0.2554904831625183 0.0107421875 0.06881405563689605
0 0.3017578125 0.25988286969253294 0.041015625 0.08638360175695461
0 0.31396484375 0.2335285505124451 0.0087890625 0.021961932650073207
0 0.32080078125 0.2445095168374817 0.0107421875 0.02635431918008785
0 0.3466796875 0.246705710102489 0.015625 0.036603221083455345
0 0.35595703125 0.24084919472913616 0.0068359375 0.021961932650073207
0 0.36572265625 0.24231332357247437 0.0224609375 0.036603221083455345
0 0.37548828125 0.24084919472913616 0.0126953125 0.024890190336749635
0 0.38623046875 0.23865300146412885 0.0126953125 0.020497803806734993
0 0.40234375 0.24084919472913616 0.02734375 0.03367496339677892
0 0.4111328125 0.23865300146412885 0.009765625 0.020497803806734993
0 0.43212890625 0.2445095168374817 0.0068359375 0.02635431918008785
0 0.43701171875 0.24084919472913616 0.0068359375 0.021961932650073207
0 0.44189453125 0.24597364568081992 0.0107421875 0.02342606149341142
0 0.4736328125 0.2562225475841874 0.05859375 0.14348462664714495
0 0.44970703125 0.2335285505124451 0.0048828125 0.016105417276720352
0 0.4931640625 0.2562225475841874 0.015625 0.055636896046852125
0 0.5009765625 0.2518301610541728 0.013671875 0.055636896046852125
0 0.5185546875 0.2569546120058565 0.03125 0.08931185944363104
0 0.53515625 0.2569546120058565 0.01171875 0.04538799414348463
0 0.54150390625 0.25841874084919475 0.0068359375 0.0424597364568082
0 0.5498046875 0.2569546120058565 0.005859375 0.04538799414348463
0 0.55615234375 0.25768667642752563 0.0087890625 0.04685212298682284
0 0.59765625 0.28330893118594436 0.0234375 0.10980966325036604
0 0.6171875 0.28111273792093705 0.046875 0.1259150805270864
0 0.630859375 0.2642752562225476 0.0234375 0.0951683748169839
0 0.64501953125 0.2657393850658858 0.0126953125 0.09224011713030747
0 0.66455078125 0.2613469985358712 0.0419921875 0.1390922401171303
0 0.68701171875 0.23792093704245973 0.0107421875 0.024890190336749635
0 0.70849609375 0.2144948755490483 0.0087890625 0.027818448023426062
0 0.7255859375 0.21595900439238652 0.009765625 0.036603221083455345
0 0.74609375 0.22181551976573938 0.00390625 0.01903367496339678
0 0.7705078125 0.3191800878477306 0.025390625 0.15226939970717424
0 0.7880859375 0.31771595900439237 0.0390625 0.19619326500732065
0 0.80810546875 0.30380673499267935 0.0283203125 0.19765739385065886
0 0.8798828125 0.21669106881405564 0.009765625 0.017569546120058566
0 0.93603515625 0.43484626647144947 0.1064453125 0.40995607613469986
0 0.89404296875 0.21742313323572474 0.0068359375 0.013177159590043924
0 0.91796875 0.20937042459736457 0.013671875 0.03513909224011713
0 0.97216796875 0.36676427525622257 0.0537109375 0.3235724743777452
1 0.4658203125 0.5783308931185944 0.873046875 0.3953147877013177
1 0.41748046875 0.4216691068814056 0.6337890625 0.2108345534407028
1 0.36181640625 0.34333821376281115 0.4267578125 0.17715959004392387
