0 0.1044921875 0.2897058823529412 0.185546875 0.5794117647058824
0 0.47998046875 0.052941176470588235 0.0302734375 0.10588235294117647
0 0.57958984375 0.14926470588235294 0.1044921875 0.2985294117647059
0 0.642578125 0.17647058823529413 0.072265625 0.32941176470588235
0 0.72900390625 0.18676470588235294 0.1259765625 0.3735294117647059
0 0.78076171875 0.20661764705882352 0.1259765625 0.41323529411764703
0 0.85791015625 0.1860294117647059 0.1904296875 0.3720588235294118
0 0.97509765625 0.3830882352941177 0.0478515625 0.07794117647058824
1 0.5615234375 0.5419117647058823 0.875 0.8838235294117647
1 0.31103515625 0.06397058823529411 0.2099609375 0.12794117647058822
