0 0.60791015625 0.25329428989751096 0.0771484375 0.1903367496339678
0 0.71044921875 0.21156661786237188 0.0380859375 0.09809663250366032
0 0.7470703125 0.2130307467057101 0.01953125 0.09809663250366032
0 0.7783203125 0.2130307467057101 0.03125 0.10980966325036604
1 0.05908203125 0.3257686676427526 0.1181640625 0.26500732064421667
1 0.48828125 0.5080527086383602 0.751953125 0.7906295754026355
1 0.24365234375 0.25036603221083453 0.1611328125 0.07906295754026355
1 0.57373046875 0.25109809663250365 0.1318359375 0.12152269399707175
1 0.77685546875 0.36749633967789164 0.4443359375 0.3513909224011713
1 0.9150390625 0.2144948755490483 0.16796875 0.08638360175695461
