0 0.1630859375 0.5238095238095238 0.048828125 0.375
0 0.09228515625 0.46130952380952384 0.0263671875 0.19642857142857142
0 0.11669921875 0.46577380952380953 0.0224609375 0.19345238095238096
0 0.38232421875 0.48214285714285715 0.0185546875 0.22023809523809523
0 0.4072265625 0.4806547619047619 0.017578125 0.18154761904761904
0 0.41796875 0.45535714285714285 0.013671875 0.15476190476190477
0 0.55322265625 0.5119047619047619 0.0380859375 0.25595238095238093
0 0.60546875 0.5223214285714286 0.02734375 0.25892857142857145
0 0.630859375 0.5282738095238095 0.029296875 0.25297619047619047
1 0.62158203125 0.44494047619047616 0.1025390625 0.08035714285714286
