0 0.4833984375 0.4322916666666667 0.115234375 0.4340277777777778
1 0.8994140625 0.24131944444444445 0.158203125 0.10069444444444445
0 0.263671875 0.2126736111111111 0.03125 0.08159722222222222
0 0.2763671875 0.21180555555555555 0.025390625 0.08680555555555555
0 0.34521484375 0.1736111111111111 0.0458984375 0.1076388888888889
0 0.4873046875 0.17708333333333334 0.015625 0.03819444444444445
0 0.544921875 0.1875 0.009765625 0.010416666666666666
0 0.84130859375 0.1953125 0.0205078125 0.057291666666666664
0 0.92919921875 0.1857638888888889 0.0166015625 0.034722222222222224
0 0.9443359375 0.19618055555555555 0.013671875 0.04513888888888889
1 0.09326171875 0.22569444444444445 0.0830078125 0.09375
1 0.5908203125 0.2326388888888889 0.181640625 0.13194444444444445
1 0.97314453125 0.2378472222222222 0.0517578125 0.0798611111111111
1 0.9765625 0.2803819444444444 0.044921875 0.1232638888888889
1 0.98291015625 0.1987847222222222 0.0322265625 0.043402777777777776
