1 0.4287109375 0.23111979166666666 0.24609375 0.17838541666666666
0 0.3173828125 0.23177083333333334 0.09765625 0.23697916666666666
1 0.013671875 0.16015625 0.02734375 0.0390625
1 0.0458984375 0.16145833333333334 0.033203125 0.041666666666666664
1 0.06396484375 0.16861979166666666 0.0341796875 0.02734375
1 0.09765625 0.17122395833333334 0.046875 0.048177083333333336
1 0.1845703125 0.20572916666666666 0.150390625 0.1171875
1 0.25537109375 0.16276041666666666 0.0478515625 0.049479166666666664
1 0.46240234375 0.16796875 0.0556640625 0.041666666666666664
1 0.544921875 0.197265625 0.150390625 0.10807291666666667
