1 0.61865234375 0.65234375 0.2412109375 0.1171875
0 0.05078125 0.7102864583333334 0.1015625 0.2981770833333333
0 0.18798828125 0.6686197916666666 0.0400390625 0.18098958333333334
0 0.22216796875 0.66796875 0.0556640625 0.17447916666666666
1 0.06494140625 0.6666666666666666 0.0986328125 0.11197916666666667
1 0.23291015625 0.65625 0.2314453125 0.11979166666666667
1 0.26611328125 0.6106770833333334 0.1650390625 0.09635416666666667
1 0.39794921875 0.625 0.1298828125 0.1171875
1 0.455078125 0.634765625 0.11328125 0.09505208333333333
1 0.47265625 0.6171875 0.078125 0.049479166666666664
1 0.6923828125 0.6608072916666666 0.09375 0.08463541666666667
1 0.802734375 0.623046875 0.033203125 0.040364583333333336
1 0.83642578125 0.6263020833333334 0.0341796875 0.03125
