1 0.76806640625 0.6966145833333334 0.1826171875 0.11458333333333333
0 0.212890625 0.6692708333333334 0.01953125 0.06770833333333333
0 0.236328125 0.6692708333333334 0.021484375 0.06770833333333333
0 0.837890625 0.6484375 0.02734375 0.0625
0 0.857421875 0.62890625 0.01953125 0.033854166666666664
0 0.87939453125 0.6712239583333334 0.0380859375 0.10286458333333333
0 0.875 0.6712239583333334 0.015625 0.09765625
0 0.892578125 0.671875 0.03515625 0.125
0 0.91796875 0.609375 0.015625 0.036458333333333336
0 0.958984375 0.62109375 0.01953125 0.018229166666666668
0 0.96630859375 0.6009114583333334 0.0107421875 0.024739583333333332
0 0.978515625 0.619140625 0.021484375 0.01953125
1 0.380859375 0.6458333333333334 0.0234375 0.033854166666666664
1 0.41015625 0.6705729166666666 0.060546875 0.06770833333333333
1 0.43603515625 0.6438802083333334 0.0283203125 0.032552083333333336
1 0.474609375 0.6497395833333334 0.07421875 0.06510416666666667
1 0.52294921875 0.6614583333333334 0.0888671875 0.07291666666666667
1 0.61376953125 0.666015625 0.1162109375 0.08723958333333333
1 0.9775390625 0.7389322916666666 0.04296875 0.12109375
