0 0.08251953125 0.615234375 0.0712890625 0.30078125
0 0.13671875 0.6041666666666666 0.083984375 0.2942708333333333
0 0.14892578125 0.4518229166666667 0.0302734375 0.109375
0 0.21923828125 0.6907552083333334 0.1240234375 0.3815104166666667
0 0.17236328125 0.4342447916666667 0.0224609375 0.08203125
0 0.1884765625 0.4661458333333333 0.046875 0.0625
0 0.189453125 0.5182291666666666 0.041015625 0.10416666666666667
0 0.32080078125 0.6868489583333334 0.0791015625 0.3528645833333333
0 0.33203125 0.521484375 0.037109375 0.08203125
0 0.3623046875 0.4765625 0.03125 0.07291666666666667
0 0.431640625 0.666015625 0.08203125 0.3294270833333333
0 0.5537109375 0.6471354166666666 0.078125 0.3333333333333333
0 0.55859375 0.4895833333333333 0.056640625 0.10416666666666667
0 0.61376953125 0.4694010416666667 0.0615234375 0.13151041666666666
0 0.67041015625 0.6731770833333334 0.0751953125 0.3151041666666667
0 0.6943359375 0.4661458333333333 0.06640625 0.11197916666666667
0 0.7578125 0.5188802083333334 0.087890625 0.07682291666666667
0 0.8701171875 0.6536458333333334 0.08984375 0.3307291666666667
0 0.9677734375 0.5735677083333334 0.0625 0.26171875
1 0.51953125 0.4192708333333333 0.14453125 0.09375
1 0.88818359375 0.5149739583333334 0.1845703125 0.15755208333333334
1 0.86865234375 0.41796875 0.0810546875 0.036458333333333336
1 0.90869140625 0.3971354166666667 0.0927734375 0.046875
1 0.9462890625 0.4069010416666667 0.10546875 0.055989583333333336
1 0.9716796875 0.44921875 0.0546875 0.06510416666666667
