0 0.03173828125 0.6010248901903368 0.0322265625 0.13323572474377746
0 0.42333984375 0.5527086383601757 0.0244140625 0.06881405563689605
1 0.19091796875 0.6024890190336749 0.1220703125 0.0951683748169839
1 0.271484375 0.5702781844802343 0.08984375 0.07759882869692533
1 0.3310546875 0.5658857979502196 0.0625 0.08345534407027819
1 0.38525390625 0.568081991215227 0.0595703125 0.06442166910688141
1 0.53466796875 0.6215226939970717 0.1240234375 0.13323572474377746
1 0.49072265625 0.5461200585651538 0.0341796875 0.03513909224011713
1 0.50732421875 0.5395314787701317 0.0302734375 0.03074670571010249
1 0.53125 0.5336749633967789 0.02734375 0.03074670571010249
1 0.5771484375 0.5387994143484627 0.091796875 0.04978038067349927
