0 0.34033203125 0.177734375 0.0986328125 0.08463541666666667
1 0.50244140625 0.4602864583333333 0.9072265625 0.6393229166666666
0 0.03564453125 0.173828125 0.0537109375 0.09244791666666667
0 0.0966796875 0.19466145833333334 0.064453125 0.14453125
0 0.24609375 0.18815104166666666 0.03125 0.08984375
0 0.4365234375 0.20963541666666666 0.078125 0.2265625
0 0.46337890625 0.15690104166666666 0.0263671875 0.05859375
0 0.49462890625 0.203125 0.0361328125 0.22135416666666666
0 0.53173828125 0.169921875 0.0087890625 0.01171875
0 0.5849609375 0.17122395833333334 0.015625 0.01953125
0 0.59814453125 0.162109375 0.0302734375 0.045572916666666664
0 0.7109375 0.16796875 0.03515625 0.041666666666666664
0 0.80615234375 0.1875 0.0751953125 0.21614583333333334
0 0.857421875 0.15690104166666666 0.017578125 0.022135416666666668
0 0.94970703125 0.3287760416666667 0.0986328125 0.18880208333333334
0 0.98291015625 0.19270833333333334 0.0322265625 0.08072916666666667
1 0.154296875 0.3307291666666667 0.30859375 0.3567708333333333
1 0.3134765625 0.23111979166666666 0.201171875 0.08723958333333333
1 0.90478515625 0.2265625 0.1728515625 0.19791666666666666
