0 0.3173828125 0.23868613138686132 0.05859375 0.1708029197080292
0 0.09326171875 0.2576642335766423 0.0478515625 0.11240875912408758
0 0.107421875 0.20583941605839415 0.05078125 0.12262773722627737
0 0.21630859375 0.25255474452554744 0.0458984375 0.09927007299270073
0 0.22509765625 0.1978102189781022 0.0439453125 0.10072992700729927
0 0.42529296875 0.2613138686131387 0.0458984375 0.15766423357664233
0 0.45654296875 0.47007299270072994 0.0634765625 0.10802919708029197
0 0.4736328125 0.24525547445255474 0.03125 0.08759124087591241
0 0.64013671875 0.2576642335766423 0.0498046875 0.12700729927007298
0 0.6474609375 0.5051094890510949 0.0546875 0.12262773722627737
0 0.67919921875 0.4927007299270073 0.0302734375 0.07445255474452554
0 0.7080078125 0.2854014598540146 0.0390625 0.13284671532846715
0 0.71826171875 0.39124087591240875 0.0517578125 0.14014598540145987
0 0.72314453125 0.481021897810219 0.0478515625 0.10364963503649635
0 0.88427734375 0.33941605839416056 0.0478515625 0.1678832116788321
0 0.89501953125 0.5058394160583941 0.0576171875 0.11240875912408758
0 0.953125 0.4985401459854015 0.05078125 0.10948905109489052
1 0.40771484375 0.554014598540146 0.4697265625 0.1416058394160584
