0 0.04443359375 0.5037735849056604 0.0517578125 0.18490566037735848
0 0.08837890625 0.48867924528301887 0.0439453125 0.12830188679245283
0 0.12158203125 0.47641509433962265 0.0244140625 0.1
0 0.1484375 0.5641509433962264 0.068359375 0.16981132075471697
0 0.2509765625 0.480188679245283 0.0234375 0.17169811320754716
0 0.34130859375 0.659433962264151 0.1123046875 0.3113207547169811
0 0.4599609375 0.5462264150943397 0.041015625 0.22452830188679246
0 0.65625 0.4641509433962264 0.02734375 0.06792452830188679
1 0.177734375 0.389622641509434 0.103515625 0.07735849056603773
1 0.72705078125 0.7339622641509433 0.5224609375 0.4830188679245283
