0 0.177734375 0.31887456037514655 0.091796875 0.2813599062133646
0 0.2236328125 0.31887456037514655 0.052734375 0.2790152403282532
0 0.392578125 0.30363423212192264 0.08984375 0.2696365767878077
0 0.408203125 0.30128956623681125 0.060546875 0.26260257913247365
0 0.52978515625 0.29835873388042206 0.0478515625 0.22626025791324736
0 0.57470703125 0.2924970691676436 0.0634765625 0.223915592028136
1 0.61474609375 0.29308323563892147 0.2099609375 0.18522860492379836
1 0.6201171875 0.20691676436107856 0.072265625 0.012895662368112544
1 0.75732421875 0.21453692848769051 0.0908203125 0.06330597889800703
1 0.82177734375 0.28604923798358733 0.2001953125 0.182883939038687
