0 0.06689453125 0.8001302083333334 0.1337890625 0.3971354166666667
0 0.2412109375 0.22721354166666666 0.0625 0.10286458333333333
0 0.28857421875 0.55859375 0.0791015625 0.1328125
0 0.29296875 0.23111979166666666 0.072265625 0.10807291666666667
0 0.421875 0.21809895833333334 0.078125 0.10026041666666667
0 0.93212890625 0.578125 0.0283203125 0.13020833333333334
0 0.9609375 0.5709635416666666 0.0390625 0.14453125
0 0.96875 0.5891927083333334 0.0234375 0.10546875
0 0.9873046875 0.5651041666666666 0.0234375 0.1015625
1 0.876953125 0.5520833333333334 0.029296875 0.049479166666666664
