0 0.55615234375 0.5628058727569332 0.0263671875 0.06525285481239804
0 0.6435546875 0.6052202283849919 0.076171875 0.11745513866231648
0 0.75341796875 0.5807504078303426 0.0615234375 0.1500815660685155
0 0.841796875 0.6582381729200653 0.05859375 0.3278955954323002
0 0.87841796875 0.6753670473083198 0.0654296875 0.2936378466557912
1 0.1494140625 0.5570962479608483 0.0625 0.0734094616639478
1 0.294921875 0.5995106035889071 0.091796875 0.12234910277324633
1 0.47314453125 0.7928221859706363 0.3681640625 0.4110929853181077
1 0.392578125 0.566068515497553 0.1328125 0.07177814029363784
1 0.6875 0.5880913539967374 0.076171875 0.0929853181076672
