0 0.0546875 0.33065693430656934 0.109375 0.4394160583941606
0 0.11572265625 0.2197080291970803 0.0380859375 0.0948905109489051
0 0.12841796875 0.11678832116788321 0.0439453125 0.13138686131386862
0 0.13916015625 0.12773722627737227 0.0576171875 0.12700729927007298
0 0.24658203125 0.48175182481751827 0.2021484375 0.9372262773722628
0 0.177734375 0.11605839416058394 0.046875 0.17956204379562044
0 0.419921875 0.4467153284671533 0.234375 0.8875912408759125
0 0.43896484375 0.10291970802919707 0.0830078125 0.08029197080291971
0 0.57275390625 0.26934306569343064 0.1318359375 0.3372262773722628
0 0.533203125 0.10364963503649635 0.046875 0.09635036496350365
0 0.76318359375 0.5678832116788322 0.4716796875 0.8613138686131386
0 0.732421875 0.34233576642335767 0.29296875 0.6846715328467153
0 0.87451171875 0.3416058394160584 0.1474609375 0.5868613138686132
0 0.9326171875 0.12116788321167883 0.064453125 0.1343065693430657
0 0.97802734375 0.1145985401459854 0.0419921875 0.11824817518248175
1 0.32275390625 0.29854014598540146 0.4794921875 0.3343065693430657
