0 0.0634765625 0.5710102489019033 0.078125 0.11127379209370425
0 0.1513671875 0.5373352855051244 0.06640625 0.09956076134699854
0 0.20703125 0.5307467057101025 0.056640625 0.10688140556368961
0 0.23193359375 0.5190336749633968 0.0458984375 0.10395314787701318
0 0.2939453125 0.5336749633967789 0.05078125 0.07759882869692533
0 0.33837890625 0.5219619326500732 0.0517578125 0.10102489019033675
0 0.36328125 0.4780380673499268 0.0390625 0.08052708638360176
0 0.3876953125 0.5095168374816984 0.033203125 0.11127379209370425
0 0.42138671875 0.5322108345534406 0.0517578125 0.06881405563689605
0 0.490234375 0.5080527086383602 0.068359375 0.11420204978038068
0 0.5537109375 0.5065885797950219 0.05078125 0.10248901903367497
0 0.61083984375 0.5065885797950219 0.0732421875 0.1054172767203514
0 0.63916015625 0.5014641288433382 0.0439453125 0.07759882869692533
0 0.70458984375 0.5153733528550513 0.0478515625 0.08784773060029283
0 0.73388671875 0.5285505124450952 0.0478515625 0.07320644216691069
0 0.787109375 0.5241581259150805 0.078125 0.0849194729136164
0 0.818359375 0.5036603221083455 0.03515625 0.08199121522693997
1 0.8857421875 0.7035139092240117 0.2265625 0.4260614934114202
