0 0.0224609375 0.4798177083333333 0.044921875 0.18359375
0 0.05322265625 0.4837239583333333 0.0615234375 0.17838541666666666
0 0.0849609375 0.2838541666666667 0.017578125 0.057291666666666664
0 0.12841796875 0.515625 0.0615234375 0.20833333333333334
0 0.12451171875 0.2506510416666667 0.0146484375 0.07421875
0 0.16796875 0.4694010416666667 0.041015625 0.20182291666666666
0 0.18212890625 0.466796875 0.0478515625 0.17057291666666666
0 0.20947265625 0.5247395833333334 0.0732421875 0.16145833333333334
0 0.30224609375 0.4147135416666667 0.0986328125 0.15494791666666666
0 0.27197265625 0.2578125 0.0205078125 0.07552083333333333
0 0.28857421875 0.2923177083333333 0.0224609375 0.08984375
0 0.3125 0.2955729166666667 0.025390625 0.09635416666666667
0 0.3388671875 0.2727864583333333 0.025390625 0.09505208333333333
0 0.36474609375 0.25 0.0048828125 0.057291666666666664
0 0.42919921875 0.2669270833333333 0.0146484375 0.07552083333333333
0 0.4609375 0.2591145833333333 0.021484375 0.08333333333333333
0 0.4873046875 0.2565104166666667 0.021484375 0.08333333333333333
0 0.5166015625 0.2506510416666667 0.01953125 0.08203125
0 0.53173828125 0.234375 0.0087890625 0.0546875
0 0.55224609375 0.234375 0.0185546875 0.07552083333333333
0 0.61181640625 0.22526041666666666 0.0185546875 0.07552083333333333
0 0.63818359375 0.228515625 0.0205078125 0.06901041666666667
0 0.66357421875 0.24348958333333334 0.0205078125 0.046875
0 0.68603515625 0.5013020833333334 0.0556640625 0.234375
0 0.69921875 0.24153645833333334 0.01953125 0.053385416666666664
0 0.708984375 0.234375 0.009765625 0.049479166666666664
0 0.76513671875 0.17578125 0.0068359375 0.033854166666666664
0 0.7841796875 0.17317708333333334 0.013671875 0.046875
0 0.91650390625 0.24934895833333334 0.0205078125 0.07942708333333333
0 0.935546875 0.2571614583333333 0.013671875 0.08463541666666667
1 0.65478515625 0.4205729166666667 0.2431640625 0.14322916666666666
1 0.65185546875 0.3548177083333333 0.2099609375 0.07682291666666667
1 0.8232421875 0.4680989583333333 0.228515625 0.19661458333333334
1 0.9677734375 0.3359375 0.0625 0.08854166666666667
