0 0.46923828125 0.5208333333333334 0.1259765625 0.2838541666666667
1 0.005859375 0.3704427083333333 0.01171875 0.03515625
1 0.10986328125 0.3828125 0.1201171875 0.0625
1 0.20849609375 0.3938802083333333 0.1083984375 0.053385416666666664
1 0.36572265625 0.3743489583333333 0.0478515625 0.05078125
1 0.36669921875 0.3723958333333333 0.0126953125 0.0234375
1 0.47314453125 0.38671875 0.0673828125 0.041666666666666664
1 0.52587890625 0.3821614583333333 0.0302734375 0.022135416666666668
1 0.541015625 0.3938802083333333 0.041015625 0.053385416666666664
1 0.5947265625 0.380859375 0.029296875 0.03515625
