0 0.822265625 0.7864583333333334 0.09375 0.4088541666666667
0 0.14111328125 0.58203125 0.2822265625 0.203125
0 0.21826171875 0.9635416666666666 0.0634765625 0.0703125
0 0.298828125 0.4986979166666667 0.0234375 0.049479166666666664
0 0.39697265625 0.916015625 0.1103515625 0.16536458333333334
0 0.46923828125 0.9108072916666666 0.0908203125 0.17578125
0 0.80908203125 0.7858072916666666 0.3798828125 0.42578125
0 0.7060546875 0.8854166666666666 0.138671875 0.22395833333333334
0 0.693359375 0.8671875 0.078125 0.1875
0 0.8388671875 0.5436197916666666 0.2890625 0.07942708333333333
1 0.49365234375 0.5299479166666666 0.4501953125 0.4479166666666667
1 0.8916015625 0.5657552083333334 0.12109375 0.07682291666666667
