0 0.01904296875 0.599609375 0.0380859375 0.04296875
0 0.05810546875 0.5533854166666666 0.0185546875 0.0390625
0 0.0693359375 0.591796875 0.033203125 0.048177083333333336
0 0.1279296875 0.58984375 0.01953125 0.09635416666666667
0 0.1845703125 0.6263020833333334 0.05078125 0.15104166666666666
0 0.314453125 0.5904947916666666 0.04296875 0.16015625
0 0.39404296875 0.603515625 0.0263671875 0.12630208333333334
0 0.4287109375 0.6321614583333334 0.017578125 0.12890625
0 0.44140625 0.58203125 0.03125 0.14583333333333334
0 0.47705078125 0.5709635416666666 0.0380859375 0.08723958333333333
0 0.48486328125 0.6282552083333334 0.0322265625 0.07942708333333333
0 0.51171875 0.5885416666666666 0.03125 0.12239583333333333
0 0.53564453125 0.6100260416666666 0.0693359375 0.12890625
0 0.60009765625 0.56640625 0.0439453125 0.11197916666666667
0 0.6572265625 0.5729166666666666 0.03125 0.1484375
0 0.78271484375 0.59375 0.0380859375 0.125
0 0.833984375 0.5651041666666666 0.0234375 0.09114583333333333
0 0.85888671875 0.5579427083333334 0.0341796875 0.10026041666666667
0 0.89404296875 0.5709635416666666 0.0263671875 0.12109375
0 0.9365234375 0.5690104166666666 0.033203125 0.12760416666666666
0 0.9794921875 0.5748697916666666 0.01953125 0.10807291666666667
1 0.37353515625 0.517578125 0.0537109375 0.055989583333333336
1 0.5126953125 0.521484375 0.046875 0.048177083333333336
1 0.5732421875 0.5123697916666666 0.0703125 0.06640625
1 0.6298828125 0.521484375 0.056640625 0.048177083333333336
1 0.70751953125 0.5143229166666666 0.0693359375 0.0625
1 0.77734375 0.5221354166666666 0.0703125 0.046875
