0 0.34033203125 0.7005856515373353 0.0400390625 0.1478770131771596
0 0.37255859375 0.6654465592972182 0.0185546875 0.08345534407027819
0 0.38134765625 0.6676427525622255 0.0107421875 0.07320644216691069
0 0.443359375 0.6903367496339677 0.029296875 0.11859443631039532
0 0.47412109375 0.6859443631039531 0.0263671875 0.11566617862371889
0 0.4970703125 0.6852122986822841 0.033203125 0.12298682284040996
0 0.80126953125 0.6705710102489019 0.0341796875 0.040995607613469986
0 0.8056640625 0.6654465592972182 0.017578125 0.05417276720351391
0 0.84423828125 0.6676427525622255 0.0263671875 0.07906295754026355
0 0.87109375 0.6727672035139092 0.033203125 0.06881405563689605
0 0.89111328125 0.650805270863836 0.0224609375 0.05124450951683748
0 0.8984375 0.6815519765739385 0.01953125 0.07174231332357248
0 0.92041015625 0.7005856515373353 0.0224609375 0.10980966325036604
0 0.947265625 0.7079062957540263 0.021484375 0.11566617862371889
0 0.98095703125 0.7767203513909224 0.0361328125 0.28550512445095166
1 0.82568359375 0.8199121522693997 0.3330078125 0.3367496339677892
