0 0.26171875 0.8294289897510981 0.0546875 0.2562225475841874
1 0.8046875 0.808199121522694 0.173828125 0.14348462664714495
0 0.33544921875 0.8235724743777453 0.0537109375 0.2767203513909224
0 0.38330078125 0.7540263543191801 0.0263671875 0.07906295754026355
0 0.39990234375 0.7554904831625183 0.0263671875 0.07613469985358712
0 0.4169921875 0.7547584187408491 0.015625 0.06588579795021962
0 0.43212890625 0.7935578330893118 0.0302734375 0.12884333821376281
1 0.4833984375 0.7628111273792094 0.080078125 0.06442166910688141
1 0.53466796875 0.7584187408491947 0.0634765625 0.05856515373352855
1 0.61328125 0.7679355783308931 0.07421875 0.0629575402635432
1 0.9326171875 0.8389458272327965 0.107421875 0.1815519765739385
