0 0.921875 0.271484375 0.119140625 0.4778645833333333
0 0.04443359375 0.390625 0.0869140625 0.2864583333333333
0 0.09765625 0.2877604166666667 0.041015625 0.1171875
0 0.31982421875 0.19401041666666666 0.0283203125 0.03125
0 0.37841796875 0.1875 0.0263671875 0.03125
0 0.4248046875 0.18359375 0.044921875 0.044270833333333336
0 0.47265625 0.17122395833333334 0.025390625 0.05078125
0 0.52099609375 0.1796875 0.0419921875 0.08333333333333333
0 0.59814453125 0.20638020833333334 0.0986328125 0.17838541666666666
0 0.78515625 0.23372395833333334 0.10546875 0.3033854166666667
1 0.484375 0.5234375 0.81640625 0.6536458333333334
1 0.81201171875 0.24153645833333334 0.3740234375 0.3763020833333333
