0 0.80615234375 0.4010263929618768 0.0966796875 0.33284457478005863
1 0.49951171875 0.6275659824046921 0.8916015625 0.5806451612903226
0 0.32666015625 0.27785923753665687 0.0439453125 0.09824046920821114
0 0.39453125 0.2903225806451613 0.0546875 0.08797653958944282
0 0.873046875 0.35997067448680353 0.025390625 0.09237536656891496
0 0.974609375 0.37390029325513197 0.033203125 0.11143695014662756
1 0.0673828125 0.3980938416422287 0.134765625 0.24486803519061584
1 0.1884765625 0.34237536656891493 0.11328125 0.09824046920821114
1 0.43701171875 0.34237536656891493 0.1884765625 0.12463343108504399
1 0.70166015625 0.4244868035190616 0.3388671875 0.1774193548387097
1 0.87744140625 0.3717008797653959 0.0830078125 0.060117302052785926
1 0.9453125 0.3775659824046921 0.09375 0.07771260997067449
