0 0.8837890625 0.8235724743777453 0.08203125 0.3206442166910688
1 0.955078125 0.6961932650073206 0.087890625 0.25329428989751096
0 0.03662109375 0.6896046852122987 0.0732421875 0.32210834553440704
0 0.17626953125 0.6207906295754027 0.0400390625 0.14641288433382138
0 0.24560546875 0.6595900439238653 0.0537109375 0.2796486090775988
0 0.28564453125 0.6705710102489019 0.0478515625 0.3103953147877013
0 0.43115234375 0.6632503660322109 0.0537109375 0.24011713030746706
0 0.4990234375 0.6412884333821376 0.05078125 0.20497803806734993
0 0.54052734375 0.6471449487554904 0.0576171875 0.2547584187408492
0 0.658203125 0.6566617862371888 0.05078125 0.24743777452415813
0 0.76416015625 0.6398243045387995 0.0400390625 0.2020497803806735
0 0.787109375 0.6398243045387995 0.05078125 0.19912152269399708
0 0.921875 0.6346998535871157 0.03125 0.13616398243045388
