0 0.22998046875 0.6653645833333334 0.1650390625 0.6354166666666666
0 0.01416015625 0.4563802083333333 0.0283203125 0.045572916666666664
0 0.0986328125 0.4388020833333333 0.02734375 0.0546875
0 0.12158203125 0.4453125 0.0224609375 0.0390625
0 0.201171875 0.4479166666666667 0.009765625 0.028645833333333332
0 0.3525390625 0.6692708333333334 0.12890625 0.5729166666666666
0 0.47216796875 0.6295572916666666 0.2001953125 0.5455729166666666
0 0.52197265625 0.67578125 0.1513671875 0.546875
0 0.64794921875 0.650390625 0.1611328125 0.57421875
0 0.67431640625 0.4485677083333333 0.0595703125 0.09244791666666667
0 0.77783203125 0.6647135416666666 0.1572265625 0.55859375
1 0.09814453125 0.6380208333333334 0.1962890625 0.5104166666666666
1 0.73388671875 0.66015625 0.5283203125 0.3984375
1 0.78466796875 0.4427083333333333 0.0244140625 0.020833333333333332
