1 0.4912109375 0.5606641123882503 0.943359375 0.822477650063857
0 0.12109375 0.04086845466155811 0.03515625 0.08173690932311622
0 0.1416015625 0.08109833971902937 0.0625 0.1545338441890166
0 0.21484375 0.026181353767560665 0.052734375 0.05236270753512133
0 0.47265625 0.06194125159642401 0.0546875 0.12388250319284802
0 0.65234375 0.02362707535121328 0.01171875 0.04725415070242656
0 0.67138671875 0.026181353767560665 0.0185546875 0.05236270753512133
0 0.76513671875 0.034482758620689655 0.0166015625 0.05363984674329502
0 0.85986328125 0.17624521072796934 0.1005859375 0.3524904214559387
0 0.9296875 0.037675606641123884 0.04296875 0.07535121328224777
0 0.98388671875 0.06641123882503193 0.0302734375 0.13282247765006386
1 0.07861328125 0.16091954022988506 0.1572265625 0.3218390804597701
