0 0.08349609375 0.5080527086383602 0.0615234375 0.25768667642752563
0 0.02978515625 0.5768667642752562 0.0595703125 0.45973645680819913
0 0.0205078125 0.43265007320644217 0.005859375 0.024890190336749635
0 0.033203125 0.4443631039531479 0.01171875 0.05124450951683748
0 0.18359375 0.48316251830161056 0.0234375 0.17862371888726208
0 0.19921875 0.4992679355783309 0.033203125 0.1698389458272328
0 0.201171875 0.48755490483162517 0.037109375 0.17862371888726208
0 0.23046875 0.48975109809663253 0.03125 0.15666178623718888
0 0.248046875 0.49487554904831627 0.03125 0.15519765739385066
0 0.2587890625 0.4787701317715959 0.021484375 0.12884333821376281
0 0.2724609375 0.48316251830161056 0.025390625 0.12884333821376281
0 0.4130859375 0.42752562225475843 0.013671875 0.029282576866764276
0 0.42919921875 0.4377745241581259 0.0185546875 0.03513909224011713
0 0.49951171875 0.47291361639824303 0.0166015625 0.1171303074670571
0 0.54248046875 0.47291361639824303 0.0302734375 0.10248901903367497
0 0.5595703125 0.47291361639824303 0.015625 0.10834553440702782
0 0.6279296875 0.4985358711566618 0.041015625 0.17130307467057102
0 0.67041015625 0.5080527086383602 0.0537109375 0.17862371888726208
0 0.70654296875 0.5029282576866764 0.0302734375 0.17130307467057102
0 0.81103515625 0.4868228404099561 0.0185546875 0.11273792093704246
1 0.32421875 0.4582723279648609 0.267578125 0.16105417276720352
