0 0.236328125 0.15494791666666666 0.099609375 0.2708333333333333
0 0.03125 0.2903645833333333 0.0625 0.5807291666666666
0 0.1396484375 0.24479166666666666 0.185546875 0.484375
0 0.1953125 0.07291666666666667 0.0234375 0.0234375
0 0.30029296875 0.0703125 0.0146484375 0.028645833333333332
0 0.33056640625 0.034505208333333336 0.0361328125 0.06901041666666667
0 0.35693359375 0.028645833333333332 0.0341796875 0.057291666666666664
1 0.2314453125 0.16080729166666666 0.390625 0.14453125
1 0.50341796875 0.5078125 0.8017578125 0.8776041666666666
1 0.83349609375 0.189453125 0.3310546875 0.37109375
