0 0.93408203125 0.3576388888888889 0.1005859375 0.5069444444444444
1 0.4677734375 0.5868055555555556 0.841796875 0.6430555555555556
0 0.05517578125 0.4201388888888889 0.1103515625 0.7347222222222223
0 0.1083984375 0.22013888888888888 0.029296875 0.07916666666666666
0 0.16943359375 0.21041666666666667 0.0244140625 0.05694444444444444
0 0.28125 0.19722222222222222 0.03515625 0.058333333333333334
0 0.32763671875 0.2076388888888889 0.0517578125 0.0625
0 0.3623046875 0.21944444444444444 0.03125 0.12222222222222222
0 0.3935546875 0.22708333333333333 0.041015625 0.09305555555555556
0 0.4658203125 0.25 0.033203125 0.11666666666666667
0 0.505859375 0.2534722222222222 0.052734375 0.15416666666666667
0 0.55908203125 0.25416666666666665 0.0361328125 0.14722222222222223
0 0.58837890625 0.25416666666666665 0.0283203125 0.1111111111111111
0 0.6201171875 0.25277777777777777 0.025390625 0.07222222222222222
0 0.779296875 0.30069444444444443 0.08984375 0.27361111111111114
0 0.84423828125 0.31180555555555556 0.0888671875 0.25416666666666665
1 0.232421875 0.29583333333333334 0.271484375 0.1638888888888889
1 0.34765625 0.37777777777777777 0.501953125 0.25833333333333336
1 0.19482421875 0.23680555555555555 0.1611328125 0.08472222222222223
1 0.26171875 0.32222222222222224 0.25390625 0.14444444444444443
