0 0.0712890625 0.7749638205499276 0.060546875 0.3053545586107091
0 0.11572265625 0.784370477568741 0.0556640625 0.2981186685962373
0 0.14599609375 0.4963820549927641 0.0283203125 0.08972503617945007
0 0.15576171875 0.7083936324167872 0.0419921875 0.1577424023154848
0 0.17822265625 0.861794500723589 0.0751953125 0.2735166425470333
0 0.2734375 0.7496382054992764 0.056640625 0.2662807525325615
0 0.34130859375 0.658465991316932 0.0556640625 0.1447178002894356
0 0.37060546875 0.597684515195369 0.0283203125 0.10709117221418235
0 0.38623046875 0.756150506512301 0.0419921875 0.2532561505065123
0 0.4345703125 0.7489146164978292 0.060546875 0.26483357452966716
0 0.484375 0.9073806078147613 0.09375 0.18234442836468887
0 0.70947265625 0.38060781476121563 0.0166015625 0.08972503617945007
0 0.73681640625 0.36034732272069464 0.0263671875 0.0955137481910275
0 0.79931640625 0.4081041968162084 0.0146484375 0.08683068017366136
0 0.82861328125 0.7800289435600579 0.0654296875 0.23154848046309695
0 0.82666015625 0.4015918958031838 0.0263671875 0.09985528219971057
0 0.83837890625 0.6497829232995659 0.0380859375 0.170767004341534
0 0.87939453125 0.394356005788712 0.0283203125 0.09985528219971057
0 0.9541015625 0.8205499276410999 0.08984375 0.3068017366136035
0 0.93896484375 0.7814761215629522 0.0556640625 0.24312590448625182
0 0.94140625 0.6338639652677279 0.044921875 0.10709117221418235
1 0.62060546875 0.42981186685962375 0.1240234375 0.10998552821997105
1 0.8779296875 0.5448625180897251 0.208984375 0.1548480463096961
