0 0.02783203125 0.2404692082111437 0.0439453125 0.10850439882697947
0 0.09228515625 0.1810850439882698 0.0263671875 0.039589442815249266
0 0.11279296875 0.18255131964809385 0.0244140625 0.04838709677419355
0 0.17626953125 0.19648093841642228 0.0283203125 0.10263929618768329
0 0.2060546875 0.20454545454545456 0.0390625 0.12756598240469208
0 0.2470703125 0.20087976539589442 0.04296875 0.1348973607038123
0 0.2744140625 0.20674486803519063 0.025390625 0.11143695014662756
0 0.33740234375 0.19794721407624633 0.0185546875 0.12903225806451613
0 0.38037109375 0.19941348973607037 0.0361328125 0.12023460410557185
1 0.20947265625 0.45821114369501464 0.4189453125 0.5439882697947214
1 0.94482421875 0.29472140762463345 0.1083984375 0.3460410557184751
1 0.953125 0.783724340175953 0.091796875 0.4237536656891496
