0 0.876953125 0.458984375 0.060546875 0.18880208333333334
0 0.0927734375 0.48828125 0.044921875 0.16666666666666666
0 0.1650390625 0.3912760416666667 0.064453125 0.09505208333333333
0 0.25439453125 0.4055989583333333 0.0263671875 0.06380208333333333
0 0.28955078125 0.21809895833333334 0.0263671875 0.05859375
0 0.298828125 0.4303385416666667 0.03515625 0.09765625
0 0.34130859375 0.4388020833333333 0.0244140625 0.11458333333333333
0 0.52783203125 0.3802083333333333 0.0146484375 0.03125
0 0.5791015625 0.3841145833333333 0.017578125 0.044270833333333336
0 0.6025390625 0.384765625 0.013671875 0.040364583333333336
0 0.64501953125 0.4329427083333333 0.0380859375 0.10546875
0 0.77783203125 0.431640625 0.0341796875 0.11328125
0 0.82568359375 0.3841145833333333 0.0205078125 0.044270833333333336
0 0.85888671875 0.40625 0.0166015625 0.10677083333333333
0 0.9541015625 0.380859375 0.01171875 0.04296875
0 0.986328125 0.5319010416666666 0.025390625 0.2877604166666667
1 0.02880859375 0.423828125 0.0576171875 0.06640625
1 0.93701171875 0.3893229166666667 0.0537109375 0.028645833333333332
