1 0.26416015625 0.8660322108345534 0.2529296875 0.17715959004392387
0 0.18603515625 0.917276720351391 0.1181640625 0.16251830161054173
0 0.455078125 0.9092240117130308 0.109375 0.1581259150805271
0 0.73388671875 0.8814055636896047 0.1318359375 0.21961932650073207
0 0.8818359375 0.8389458272327965 0.228515625 0.3162518301610542
1 0.16650390625 0.794289897510981 0.0244140625 0.03953147877013177
1 0.18310546875 0.781112737920937 0.0263671875 0.03953147877013177
1 0.38671875 0.8345534407027818 0.09375 0.08199121522693997
1 0.431640625 0.8125915080527086 0.109375 0.07613469985358712
1 0.89599609375 0.8711566617862372 0.2060546875 0.17862371888726208
