0 0.19921875 0.92578125 0.1171875 0.14583333333333334
0 0.4697265625 0.5852864583333334 0.03515625 0.06640625
0 0.65478515625 0.6705729166666666 0.0361328125 0.09375
0 0.83447265625 0.6360677083333334 0.0205078125 0.04296875
0 0.837890625 0.6041666666666666 0.01953125 0.06770833333333333
0 0.84912109375 0.6276041666666666 0.0185546875 0.044270833333333336
0 0.86474609375 0.62109375 0.0126953125 0.046875
0 0.87646484375 0.6015625 0.0205078125 0.08333333333333333
1 0.06396484375 0.8671875 0.1279296875 0.11979166666666667
1 0.134765625 0.91796875 0.26953125 0.16145833333333334
1 0.271484375 0.8561197916666666 0.05859375 0.06901041666666667
1 0.37060546875 0.8619791666666666 0.0908203125 0.109375
1 0.71728515625 0.8671875 0.0634765625 0.0546875
