0 0.06103515625 0.43283582089552236 0.1201171875 0.5638474295190713
0 0.16845703125 0.33499170812603646 0.0888671875 0.3283582089552239
0 0.26171875 0.31094527363184077 0.103515625 0.3067993366500829
0 0.7373046875 0.296849087893864 0.021484375 0.05970149253731343
0 0.76904296875 0.3449419568822554 0.0166015625 0.06633499170812604
0 0.783203125 0.3200663349917081 0.01953125 0.09618573797678276
0 0.80615234375 0.33996683250414594 0.0166015625 0.07960199004975124
0 0.84033203125 0.30265339966832505 0.0185546875 0.0779436152570481
0 0.92529296875 0.32918739635157546 0.0244140625 0.087893864013267
0 0.94189453125 0.32669983416252074 0.0205078125 0.09950248756218906
1 0.0234375 0.324212271973466 0.046875 0.16749585406301823
1 0.29736328125 0.38225538971807627 0.5947265625 0.4892205638474295
1 0.49853515625 0.5970149253731343 0.8662109375 0.6567164179104478
