1 0.74462890625 0.6456808199121523 0.4541015625 0.6354319180087847
0 0.2705078125 0.575402635431918 0.15234375 0.5563689604685212
0 0.5068359375 0.35431918008784774 0.03125 0.0849194729136164
1 0.1083984375 0.5439238653001464 0.216796875 0.29428989751098095
1 0.34228515625 0.438506588579795 0.0810546875 0.14202049780380674
1 0.3779296875 0.4128843338213763 0.078125 0.1054172767203514
1 0.4033203125 0.3945827232796486 0.0703125 0.10102489019033675
1 0.52001953125 0.35724743777452417 0.0654296875 0.07320644216691069
1 0.67236328125 0.4019033674963397 0.2373046875 0.191800878477306
1 0.64599609375 0.3762811127379209 0.1650390625 0.1815519765739385
1 0.57421875 0.3557833089311859 0.017578125 0.03806734992679356
