0 0.18229166666666666 0.40673828125 0.013020833333333334 0.0166015625
0 0.20638020833333334 0.404296875 0.01171875 0.01171875
0 0.33984375 0.49169921875 0.08333333333333333 0.1181640625
0 0.3548177083333333 0.4892578125 0.09765625 0.095703125
0 0.5071614583333334 0.439453125 0.055989583333333336 0.0546875
0 0.6848958333333334 0.50390625 0.21614583333333334 0.130859375
0 0.6165364583333334 0.41259765625 0.016927083333333332 0.0224609375
0 0.6497395833333334 0.44677734375 0.0546875 0.0458984375
0 0.6399739583333334 0.43310546875 0.02734375 0.0283203125
0 0.6321614583333334 0.41064453125 0.006510416666666667 0.0185546875
0 0.6927083333333334 0.48779296875 0.1171875 0.0927734375
0 0.705078125 0.4833984375 0.12890625 0.09375
0 0.669921875 0.44677734375 0.053385416666666664 0.0498046875
0 0.65625 0.41015625 0.013020833333333334 0.01953125
0 0.705078125 0.41259765625 0.01171875 0.0146484375
0 0.7864583333333334 0.43896484375 0.036458333333333336 0.0888671875
1 0.09635416666666667 0.44189453125 0.19270833333333334 0.0712890625
1 0.201171875 0.4248046875 0.045572916666666664 0.041015625
1 0.376953125 0.4228515625 0.040364583333333336 0.02734375
1 0.513671875 0.41357421875 0.06901041666666667 0.0146484375
