0 0.02001953125 0.4838709677419355 0.0400390625 0.08797653958944282
0 0.0458984375 0.4640762463343108 0.044921875 0.13929618768328444
0 0.08935546875 0.44574780058651026 0.0400390625 0.18475073313782991
0 0.12890625 0.5241935483870968 0.0546875 0.19501466275659823
0 0.20654296875 0.4846041055718475 0.0458984375 0.11290322580645161
0 0.228515625 0.4413489736070381 0.02734375 0.15542521994134897
0 0.24755859375 0.4655425219941349 0.0439453125 0.13049853372434017
0 0.2587890625 0.4281524926686217 0.037109375 0.16422287390029325
0 0.31787109375 0.33284457478005863 0.0498046875 0.08211143695014662
0 0.31201171875 0.4442815249266862 0.0283203125 0.08797653958944282
0 0.46630859375 0.4802052785923754 0.0517578125 0.18621700879765396
0 0.47705078125 0.4633431085043988 0.0380859375 0.1348973607038123
0 0.5205078125 0.5300586510263929 0.056640625 0.19794721407624633
0 0.52197265625 0.4347507331378299 0.0419921875 0.060117302052785926
0 0.54248046875 0.21994134897360704 0.0283203125 0.05865102639296188
0 0.55810546875 0.5997067448680352 0.0478515625 0.16715542521994134
0 0.5654296875 0.4626099706744868 0.044921875 0.12463343108504399
0 0.59521484375 0.7382697947214076 0.0439453125 0.039589442815249266
0 0.59619140625 0.43328445747800587 0.0224609375 0.060117302052785926
0 0.6181640625 0.43914956011730205 0.04296875 0.0689149560117302
0 0.630859375 0.49560117302052786 0.046875 0.0967741935483871
0 0.6513671875 0.4479472140762463 0.025390625 0.10703812316715543
0 0.70361328125 0.2763929618768328 0.0439453125 0.06304985337243402
0 0.7568359375 0.5366568914956011 0.052734375 0.16422287390029325
0 0.7412109375 0.2793255131964809 0.015625 0.03372434017595308
0 0.75634765625 0.23973607038123168 0.0419921875 0.09824046920821114
0 0.7734375 0.2661290322580645 0.044921875 0.08651026392961877
0 0.78076171875 0.46774193548387094 0.0458984375 0.093841642228739
0 0.791015625 0.6048387096774194 0.05078125 0.18035190615835778
0 0.84765625 0.49780058651026393 0.060546875 0.09530791788856305
0 0.85205078125 0.28519061583577715 0.0341796875 0.054252199413489736
0 0.87744140625 0.26392961876832843 0.0263671875 0.06451612903225806
0 0.90234375 0.5513196480938416 0.07421875 0.1436950146627566
1 0.3447265625 0.5879765395894428 0.37890625 0.16129032258064516
1 0.5908203125 0.7448680351906158 0.443359375 0.12023460410557185
1 0.9228515625 0.6869501466275659 0.15234375 0.18328445747800587
