0 0.46923828125 0.7475609756097561 0.0537109375 0.33902439024390246
0 0.05224609375 0.676829268292683 0.0888671875 0.2658536585365854
0 0.119140625 0.5402439024390244 0.0625 0.3439024390243902
0 0.1611328125 0.5182926829268293 0.052734375 0.3195121951219512
0 0.20458984375 0.5841463414634146 0.0341796875 0.3780487804878049
0 0.24169921875 0.5597560975609757 0.0439453125 0.4219512195121951
0 0.607421875 0.6402439024390244 0.044921875 0.2121951219512195
0 0.63330078125 0.624390243902439 0.0380859375 0.21951219512195122
0 0.65869140625 0.6097560975609756 0.0361328125 0.23414634146341465
0 0.85205078125 0.3524390243902439 0.0458984375 0.22195121951219512
1 0.3544921875 0.7268292682926829 0.087890625 0.12682926829268293
