0 0.15666178623718888 0.74365234375 0.07906295754026355 0.0615234375
0 0.2745241581259151 0.8037109375 0.0746705710102489 0.16796875
0 0.383601756954612 0.7626953125 0.03513909224011713 0.044921875
0 0.5263543191800878 0.8037109375 0.07759882869692533 0.169921875
0 0.6193265007320644 0.8017578125 0.10248901903367497 0.109375
0 0.7137628111273792 0.7841796875 0.07759882869692533 0.111328125
0 0.8865300146412884 0.78857421875 0.05124450951683748 0.1162109375
0 0.9560761346998536 0.7578125 0.07906295754026355 0.125
1 0.08784773060029283 0.82421875 0.17569546120058566 0.234375
1 0.9524158125915081 0.859375 0.09224011713030747 0.10546875
