0 0.03662109375 0.4294117647058823 0.0439453125 0.1
0 0.06689453125 0.5176470588235295 0.1025390625 0.26176470588235295
0 0.14697265625 0.4919117647058823 0.0966796875 0.2926470588235294
0 0.1845703125 0.43970588235294117 0.05078125 0.17058823529411765
0 0.22607421875 0.4022058823529412 0.0634765625 0.125
0 0.2314453125 0.5191176470588236 0.064453125 0.21764705882352942
0 0.28759765625 0.44338235294117645 0.0693359375 0.17205882352941176
0 0.33251953125 0.40441176470588236 0.0673828125 0.15588235294117647
0 0.3798828125 0.44191176470588234 0.03515625 0.03676470588235294
0 0.44482421875 0.5426470588235294 0.1455078125 0.12352941176470589
0 0.51171875 0.44338235294117645 0.0390625 0.033823529411764704
0 0.59326171875 0.5389705882352941 0.1103515625 0.18382352941176472
0 0.6533203125 0.3669117647058823 0.103515625 0.3220588235294118
0 0.74658203125 0.3911764705882353 0.1767578125 0.4088235294117647
1 0.4921875 0.7242647058823529 0.984375 0.5485294117647059
