1 0.20556640625 0.5937042459736457 0.3701171875 0.2708638360175695
0 0.318359375 0.5300146412884333 0.03515625 0.0849194729136164
0 0.35595703125 0.5292825768667643 0.0478515625 0.13323572474377746
0 0.39599609375 0.5431918008784773 0.0380859375 0.13469985358711567
0 0.43701171875 0.527818448023426 0.0126953125 0.07174231332357248
0 0.462890625 0.5204978038067349 0.015625 0.07759882869692533
0 0.58447265625 0.5929721815519766 0.1162109375 0.3396778916544656
0 0.74853515625 0.5724743777452416 0.0986328125 0.25768667642752563
0 0.833984375 0.4978038067349927 0.0234375 0.08199121522693997
0 0.85986328125 0.5234260614934114 0.0224609375 0.12445095168374817
0 0.87548828125 0.5248901903367497 0.0205078125 0.1273792093704246
0 0.89501953125 0.5234260614934114 0.0126953125 0.13616398243045388
0 0.90478515625 0.5256222547584187 0.0244140625 0.14055636896046853
1 0.51220703125 0.5658857979502196 0.1259765625 0.1595900439238653
