0 0.2412109375 0.8412526997840173 0.05078125 0.13174946004319654
0 0.32763671875 0.8882289416846653 0.0595703125 0.12203023758099352
0 0.52685546875 0.8887688984881209 0.0498046875 0.1900647948164147
0 0.66552734375 0.8682505399568035 0.0595703125 0.16414686825053995
0 0.71533203125 0.8704103671706264 0.0322265625 0.1468682505399568
0 0.771484375 0.8736501079913607 0.052734375 0.15766738660907129
0 0.77880859375 0.8768898488120951 0.0380859375 0.13174946004319654
0 0.8427734375 0.8558315334773218 0.048828125 0.11771058315334773
0 0.8642578125 0.8628509719222462 0.03125 0.07775377969762419
1 0.13330078125 0.8720302375809935 0.2666015625 0.25377969762419006
