0 0.33056640625 0.760614934114202 0.0966796875 0.33528550512445093
1 0.08251953125 0.753294289897511 0.1435546875 0.20937042459736457
0 0.0263671875 0.7430453879941434 0.052734375 0.33528550512445093
0 0.19140625 0.7437774524158126 0.072265625 0.33382137628111275
0 0.27880859375 0.7437774524158126 0.0654296875 0.30453879941434847
0 0.4404296875 0.7027818448023426 0.0703125 0.07613469985358712
0 0.833984375 0.7525622254758418 0.056640625 0.1698389458272328
0 0.85888671875 0.6588579795021962 0.0283203125 0.10834553440702782
0 0.89111328125 0.6852122986822841 0.0576171875 0.14348462664714495
1 0.2705078125 0.705710102489019 0.318359375 0.28989751098096633
1 0.6044921875 0.7232796486090776 0.369140625 0.3484626647144949
1 0.72998046875 0.6310395314787701 0.1396484375 0.09663250366032211
1 0.79248046875 0.6207906295754027 0.0986328125 0.09077598828696926
1 0.8720703125 0.5636896046852123 0.08203125 0.07027818448023426
1 0.92724609375 0.7547584187408491 0.1435546875 0.3118594436310395
1 0.970703125 0.5717423133235725 0.056640625 0.05417276720351391
