1 0.51904296875 0.48884514435695536 0.9169921875 0.6942257217847769
0 0.015625 0.12467191601049869 0.03125 0.05249343832020997
0 0.15966796875 0.15091863517060367 0.0205078125 0.05511811023622047
0 0.17724609375 0.15879265091863518 0.0361328125 0.05774278215223097
0 0.26513671875 0.1437007874015748 0.0478515625 0.06955380577427822
0 0.31787109375 0.2388451443569554 0.1064453125 0.27296587926509186
0 0.4990234375 0.1942257217847769 0.05859375 0.15485564304461943
0 0.54248046875 0.15354330708661418 0.0478515625 0.08136482939632546
0 0.61669921875 0.14501312335958005 0.0419921875 0.05643044619422572
0 0.6552734375 0.14829396325459318 0.0234375 0.03937007874015748
0 0.677734375 0.1515748031496063 0.021484375 0.03280839895013123
0 0.8115234375 0.260498687664042 0.0625 0.05905511811023622
0 0.92236328125 0.2677165354330709 0.0654296875 0.24671916010498687
1 0.27587890625 0.3851706036745407 0.5517578125 0.400262467191601
