0 0.1181640625 0.2552083333333333 0.078125 0.23958333333333334
0 0.16796875 0.166015625 0.021484375 0.06901041666666667
0 0.2431640625 0.16536458333333334 0.078125 0.14583333333333334
0 0.29443359375 0.14322916666666666 0.0791015625 0.11458333333333333
0 0.30810546875 0.12174479166666667 0.0205078125 0.032552083333333336
0 0.3447265625 0.138671875 0.03515625 0.07942708333333333
0 0.666015625 0.08723958333333333 0.0078125 0.018229166666666668
0 0.75390625 0.07096354166666667 0.01171875 0.022135416666666668
0 0.76806640625 0.068359375 0.0087890625 0.014322916666666666
0 0.77490234375 0.06380208333333333 0.0087890625 0.0234375
1 0.052734375 0.2578125 0.10546875 0.17447916666666666
1 0.1455078125 0.7447916666666666 0.291015625 0.5078125
