0 0.1904296875 0.6515384615384615 0.05859375 0.22923076923076924
1 0.6240234375 0.6784615384615384 0.279296875 0.2523076923076923
0 0.251953125 0.5507692307692308 0.015625 0.07076923076923076
0 0.2705078125 0.5415384615384615 0.01953125 0.06461538461538462
0 0.390625 0.5576923076923077 0.025390625 0.04461538461538461
0 0.46875 0.5461538461538461 0.015625 0.027692307692307693
0 0.51708984375 0.5592307692307692 0.0244140625 0.06615384615384616
0 0.5478515625 0.5292307692307693 0.017578125 0.036923076923076927
0 0.568359375 0.6 0.03515625 0.08923076923076922
0 0.56689453125 0.5353846153846153 0.0146484375 0.03076923076923077
0 0.59033203125 0.5553846153846154 0.0126953125 0.08
0 0.654296875 0.6230769230769231 0.03515625 0.052307692307692305
0 0.7177734375 0.5692307692307692 0.01953125 0.08307692307692308
0 0.73388671875 0.58 0.0205078125 0.10461538461538461
0 0.76025390625 0.5307692307692308 0.0107421875 0.04
1 0.08154296875 0.6276923076923077 0.1435546875 0.16
1 0.18212890625 0.5738461538461539 0.1044921875 0.12307692307692308
1 0.62841796875 0.5307692307692308 0.0185546875 0.027692307692307693
1 0.6630859375 0.5423076923076923 0.025390625 0.04153846153846154
1 0.7158203125 0.5253846153846153 0.021484375 0.02
1 0.9482421875 0.5607692307692308 0.052734375 0.05692307692307692
1 0.98876953125 0.546923076923077 0.0185546875 0.06307692307692307
