0 0.94140625 0.4412628487518355 0.0859375 0.5036710719530103
1 0.41748046875 0.643906020558003 0.7412109375 0.45961820851688695
0 0.06689453125 0.09251101321585903 0.0947265625 0.18502202643171806
0 0.07958984375 0.36270190895741555 0.1044921875 0.3465491923641703
0 0.19384765625 0.12334801762114538 0.0537109375 0.23494860499265785
0 0.24169921875 0.2753303964757709 0.1240234375 0.3656387665198238
0 0.36669921875 0.3472834067547724 0.0927734375 0.25697503671071953
0 0.42138671875 0.41629955947136565 0.0966796875 0.1277533039647577
0 0.53759765625 0.20998531571218795 0.0947265625 0.36123348017621143
0 0.5556640625 0.7254038179148311 0.126953125 0.42290748898678415
0 0.6181640625 0.2026431718061674 0.07421875 0.4052863436123348
0 0.75 0.6901615271659325 0.140625 0.32599118942731276
0 0.76171875 0.3700440528634361 0.07421875 0.20851688693098386
0 0.81591796875 0.2812041116005874 0.0908203125 0.39794419970631423
