0 0.26806640625 0.8220338983050848 0.0537109375 0.2919020715630885
0 0.30615234375 0.8709981167608286 0.0439453125 0.21657250470809794
0 0.3330078125 0.8239171374764596 0.048828125 0.2504708097928437
0 0.3984375 0.8333333333333334 0.0625 0.23163841807909605
0 0.40087890625 0.807909604519774 0.0556640625 0.2297551789077213
0 0.45458984375 0.8361581920903954 0.0556640625 0.32015065913371
0 0.4892578125 0.803201506591337 0.02734375 0.224105461393597
0 0.5068359375 0.8267419962335216 0.048828125 0.2711864406779661
0 0.55029296875 0.8239171374764596 0.0419921875 0.2580037664783427
0 0.5703125 0.8135593220338984 0.029296875 0.21092278719397364
0 0.58837890625 0.8088512241054614 0.0263671875 0.1864406779661017
0 0.61865234375 0.832391713747646 0.0439453125 0.2598870056497175
0 0.6279296875 0.7598870056497176 0.03515625 0.1487758945386064
0 0.7578125 0.7871939736346516 0.03515625 0.1544256120527307
0 0.79931640625 0.800376647834275 0.0361328125 0.2297551789077213
0 0.86865234375 0.8135593220338984 0.0576171875 0.23728813559322035
0 0.90673828125 0.7966101694915254 0.0458984375 0.18455743879472694
0 0.93603515625 0.82015065913371 0.0576171875 0.20527306967984935
1 0.0458984375 0.7664783427495292 0.091796875 0.0903954802259887
1 0.09912109375 0.835216572504708 0.1982421875 0.2128060263653484
1 0.2607421875 0.8163841807909604 0.2109375 0.2542372881355932
1 0.7119140625 0.8389830508474576 0.140625 0.22033898305084745
