0 0.0908203125 0.4279513888888889 0.076171875 0.3489583333333333
0 0.02392578125 0.3567708333333333 0.0478515625 0.4635416666666667
0 0.0234375 0.1267361111111111 0.046875 0.17708333333333334
0 0.1904296875 0.3810763888888889 0.15234375 0.4461805555555556
0 0.2705078125 0.14149305555555555 0.076171875 0.234375
0 0.3388671875 0.2855902777777778 0.078125 0.2204861111111111
0 0.4033203125 0.3081597222222222 0.087890625 0.2690972222222222
0 0.61083984375 0.4496527777777778 0.3408203125 0.7534722222222222
1 0.05615234375 0.1423611111111111 0.1123046875 0.1701388888888889
1 0.0771484375 0.06510416666666667 0.091796875 0.08506944444444445
1 0.6455078125 0.21006944444444445 0.47265625 0.3263888888888889
1 0.7509765625 0.0763888888888889 0.12109375 0.06944444444444445
1 0.94580078125 0.2543402777777778 0.1064453125 0.21006944444444445
