0 0.47705078125 0.197265625 0.1005859375 0.2721354166666667
0 0.6533203125 0.103515625 0.12890625 0.20703125
0 0.876953125 0.10611979166666667 0.05078125 0.17317708333333334
0 0.93994140625 0.10546875 0.0537109375 0.14322916666666666
0 0.982421875 0.10286458333333333 0.033203125 0.13802083333333334
1 0.0390625 0.047526041666666664 0.078125 0.055989583333333336
1 0.07470703125 0.028645833333333332 0.1259765625 0.057291666666666664
1 0.2294921875 0.030598958333333332 0.0234375 0.022135416666666668
1 0.25732421875 0.029947916666666668 0.0263671875 0.0234375
1 0.2724609375 0.026041666666666668 0.009765625 0.0078125
1 0.2939453125 0.032552083333333336 0.01953125 0.015625
1 0.3125 0.03125 0.01171875 0.018229166666666668
1 0.458984375 0.06705729166666667 0.296875 0.13411458333333334
1 0.93505859375 0.095703125 0.1005859375 0.07682291666666667
1 0.9208984375 0.07356770833333333 0.064453125 0.040364583333333336
