0 0.2578125 0.6226277372262774 0.162109375 0.5562043795620438
1 0.93212890625 0.4467153284671533 0.1240234375 0.30656934306569344
0 0.50146484375 0.29781021897810217 0.0068359375 0.06715328467153285
0 0.51806640625 0.3102189781021898 0.0205078125 0.09197080291970802
0 0.52294921875 0.27153284671532846 0.0087890625 0.02335766423357664
0 0.59765625 0.3343065693430657 0.025390625 0.145985401459854
0 0.67431640625 0.35766423357664234 0.0400390625 0.15474452554744525
0 0.70361328125 0.354014598540146 0.0263671875 0.1591240875912409
0 0.720703125 0.33795620437956203 0.029296875 0.1591240875912409
0 0.75390625 0.31386861313868614 0.015625 0.06715328467153285
1 0.1123046875 0.5554744525547445 0.224609375 0.4364963503649635
1 0.5908203125 0.3182481751824818 0.126953125 0.11970802919708029
1 0.6591796875 0.3051094890510949 0.017578125 0.049635036496350364
1 0.7421875 0.29635036496350364 0.0234375 0.06423357664233577
1 0.76416015625 0.29124087591240877 0.0126953125 0.030656934306569343
1 0.86669921875 0.3291970802919708 0.0888671875 0.12408759124087591
