0 0.025390625 0.3586156111929308 0.033203125 0.036818851251840944
0 0.1728515625 0.36671575846833576 0.017578125 0.035346097201767304
0 0.24951171875 0.3225331369661267 0.0380859375 0.07069219440353461
0 0.27685546875 0.38438880706921946 0.0361328125 0.12076583210603829
0 0.39599609375 0.5029455081001473 0.2021484375 0.7967599410898379
0 0.48583984375 0.3630338733431517 0.0166015625 0.07216494845360824
0 0.51611328125 0.3703976435935199 0.0322265625 0.060382916053019146
0 0.52783203125 0.35198821796759944 0.0205078125 0.03829160530191458
0 0.61767578125 0.48748159057437407 0.1533203125 0.7187039764359352
0 0.689453125 0.39248895434462444 0.025390625 0.10456553755522828
0 0.76904296875 0.3703976435935199 0.0166015625 0.027982326951399118
1 0.11328125 0.4101620029455081 0.2265625 0.1487481590574374
1 0.7373046875 0.5449189985272459 0.5234375 0.4418262150220913
1 0.517578125 0.4374079528718704 0.060546875 0.11192930780559647
