0 0.06201171875 0.4263848396501458 0.0458984375 0.16763848396501457
0 0.1103515625 0.42128279883381925 0.05078125 0.17201166180758018
0 0.15966796875 0.42128279883381925 0.0439453125 0.16034985422740525
0 0.3916015625 0.4642857142857143 0.158203125 0.36005830903790087
0 0.73876953125 0.6690962099125365 0.2275390625 0.6559766763848397
1 0.0732421875 0.380466472303207 0.146484375 0.10204081632653061
1 0.24951171875 0.3811953352769679 0.1630859375 0.11224489795918367
1 0.5107421875 0.47667638483965014 0.177734375 0.25072886297376096
1 0.63818359375 0.521865889212828 0.2626953125 0.30029154518950435
1 0.779296875 0.6975218658892128 0.4375 0.5991253644314869
