0 0.20068359375 0.1935483870967742 0.0830078125 0.25513196480938416
0 0.05712890625 0.2969208211143695 0.1025390625 0.4706744868035191
0 0.0498046875 0.12756598240469208 0.013671875 0.02346041055718475
0 0.14501953125 0.1495601173020528 0.0087890625 0.01466275659824047
0 0.16162109375 0.14736070381231672 0.0146484375 0.04252199413489736
0 0.1689453125 0.1627565982404692 0.025390625 0.06744868035190615
0 0.74951171875 0.24853372434017595 0.0439453125 0.10997067448680352
0 0.87890625 0.20454545454545456 0.01953125 0.06304985337243402
0 0.97998046875 0.22360703812316715 0.0380859375 0.1187683284457478
1 0.09423828125 0.24560117302052786 0.1884765625 0.1627565982404692
1 0.1474609375 0.21407624633431085 0.1015625 0.09090909090909091
1 0.45556640625 0.23313782991202345 0.1865234375 0.11436950146627566
1 0.869140625 0.4156891495601173 0.259765625 0.37390029325513197
