0 0.4563802083333333 0.765625 0.05859375 0.12890625
1 0.7389322916666666 0.74072265625 0.14973958333333334 0.0986328125
0 0.10807291666666667 0.7705078125 0.033854166666666664 0.044921875
0 0.15104166666666666 0.751953125 0.052083333333333336 0.11328125
0 0.2421875 0.71923828125 0.028645833333333332 0.0576171875
0 0.5826822916666666 0.78369140625 0.09505208333333333 0.1669921875
0 0.8697916666666666 0.71435546875 0.0234375 0.0478515625
0 0.8990885416666666 0.73388671875 0.02734375 0.1005859375
1 0.01953125 0.7275390625 0.0390625 0.0546875
1 0.654296875 0.7080078125 0.055989583333333336 0.03515625
