1 0.06640625 0.24963503649635035 0.111328125 0.12262773722627737
0 0.01904296875 0.21605839416058395 0.0185546875 0.029197080291970802
0 0.23486328125 0.7014598540145985 0.2451171875 0.5912408759124088
0 0.31884765625 0.18759124087591242 0.0419921875 0.04817518248175182
0 0.31982421875 0.17226277372262774 0.0224609375 0.058394160583941604
0 0.5068359375 0.42554744525547444 0.125 0.4569343065693431
0 0.466796875 0.18248175182481752 0.025390625 0.02335766423357664
0 0.6298828125 0.33211678832116787 0.05859375 0.27007299270072993
0 0.65380859375 0.32116788321167883 0.0517578125 0.25401459854014596
0 0.81103515625 0.6854014598540146 0.3212890625 0.6262773722627737
0 0.74169921875 0.19927007299270072 0.0068359375 0.030656934306569343
0 0.74853515625 0.19927007299270072 0.0087890625 0.030656934306569343
1 0.0146484375 0.24014598540145984 0.029296875 0.042335766423357665
1 0.68603515625 0.21824817518248174 0.0263671875 0.03941605839416058
1 0.8154296875 0.20145985401459854 0.041015625 0.040875912408759124
1 0.8486328125 0.21021897810218979 0.072265625 0.04671532846715328
1 0.94921875 0.19343065693430658 0.0234375 0.024817518248175182
1 0.984375 0.19562043795620437 0.029296875 0.026277372262773723
