0 0.30615234375 0.3854166666666667 0.1416015625 0.2916666666666667
0 0.45654296875 0.3975694444444444 0.1943359375 0.2152777777777778
0 0.94384765625 0.4019097222222222 0.0341796875 0.16493055555555555
0 0.97216796875 0.4227430555555556 0.0224609375 0.19270833333333334
0 0.986328125 0.4487847222222222 0.025390625 0.1892361111111111
1 0.03173828125 0.4027777777777778 0.0634765625 0.14583333333333334
1 0.49169921875 0.6987847222222222 0.9833984375 0.5642361111111112
1 0.06591796875 0.3680555555555556 0.0869140625 0.10416666666666667
1 0.86328125 0.3993055555555556 0.0546875 0.1388888888888889
1 0.92333984375 0.3758680555555556 0.1005859375 0.11284722222222222
