1 0.9189453125 0.5658857979502196 0.123046875 0.10980966325036604
0 0.001953125 0.5607613469985359 0.00390625 0.043923865300146414
0 0.01611328125 0.5658857979502196 0.0146484375 0.05417276720351391
0 0.02294921875 0.5527086383601757 0.0107421875 0.04538799414348463
0 0.08935546875 0.7086383601756955 0.0693359375 0.3074670571010249
0 0.07080078125 0.5505124450951684 0.0146484375 0.03806734992679356
0 0.1474609375 0.595900439238653 0.017578125 0.09077598828696926
0 0.1669921875 0.5878477306002928 0.025390625 0.09224011713030747
0 0.2353515625 0.5790629575402635 0.033203125 0.06881405563689605
0 0.27490234375 0.6339677891654466 0.0322265625 0.1903367496339678
0 0.291015625 0.6346998535871157 0.0390625 0.191800878477306
0 0.37451171875 0.5644216691068814 0.0068359375 0.06588579795021962
0 0.3955078125 0.5805270863836017 0.0390625 0.07759882869692533
0 0.47314453125 0.5658857979502196 0.0185546875 0.06881405563689605
0 0.61181640625 0.5497803806734992 0.0068359375 0.036603221083455345
0 0.62255859375 0.5534407027818448 0.0126953125 0.043923865300146414
0 0.6416015625 0.5614934114202049 0.017578125 0.0629575402635432
0 0.7119140625 0.5651537335285505 0.029296875 0.06734992679355783
0 0.7861328125 0.568081991215227 0.02734375 0.07613469985358712
0 0.8515625 0.5497803806734992 0.017578125 0.05124450951683748
0 0.97021484375 0.5790629575402635 0.0498046875 0.09809663250366032
1 0.33056640625 0.5629575402635432 0.0400390625 0.0424597364568082
