0 0.62744140625 0.2669270833333333 0.0986328125 0.19010416666666666
1 0.49658203125 0.525390625 0.7802734375 0.5533854166666666
0 0.03759765625 0.365234375 0.0751953125 0.3059895833333333
0 0.2470703125 0.24544270833333334 0.041015625 0.09505208333333333
0 0.5693359375 0.22005208333333334 0.021484375 0.036458333333333336
0 0.9072265625 0.2708333333333333 0.03515625 0.09635416666666667
0 0.908203125 0.2584635416666667 0.029296875 0.10026041666666667
0 0.9365234375 0.26171875 0.02734375 0.10416666666666667
0 0.97607421875 0.2701822916666667 0.0322265625 0.12109375
0 0.9873046875 0.2688802083333333 0.0234375 0.10546875
1 0.125 0.318359375 0.203125 0.15234375
1 0.23974609375 0.2604166666666667 0.0947265625 0.059895833333333336
1 0.5068359375 0.21484375 0.310546875 0.0703125
1 0.58154296875 0.330078125 0.4111328125 0.18619791666666666
1 0.92578125 0.251953125 0.099609375 0.07942708333333333
