1 0.49365234375 0.5364583333333334 0.7060546875 0.84375
0 0.01611328125 0.3118489583333333 0.0302734375 0.037760416666666664
0 0.0400390625 0.3125 0.009765625 0.026041666666666668
0 0.0556640625 0.3072916666666667 0.013671875 0.0234375
0 0.1103515625 0.296875 0.048828125 0.057291666666666664
0 0.1904296875 0.310546875 0.017578125 0.032552083333333336
0 0.21826171875 0.310546875 0.0126953125 0.032552083333333336
0 0.2607421875 0.296875 0.005859375 0.010416666666666666
0 0.27392578125 0.3020833333333333 0.0029296875 0.015625
0 0.27880859375 0.3046875 0.0068359375 0.020833333333333332
0 0.291015625 0.3020833333333333 0.00390625 0.015625
0 0.3623046875 0.3046875 0.009765625 0.020833333333333332
0 0.8291015625 0.322265625 0.017578125 0.061197916666666664
0 0.85009765625 0.3040364583333333 0.0048828125 0.01953125
0 0.93408203125 0.333984375 0.0205078125 0.048177083333333336
0 0.96044921875 0.3567708333333333 0.0341796875 0.15104166666666666
1 0.86572265625 0.333984375 0.0654296875 0.07682291666666667
1 0.90380859375 0.3294270833333333 0.0185546875 0.03125
