0 0.2294921875 0.48542274052478135 0.234375 0.19825072886297376
0 0.17529296875 0.4008746355685131 0.0244140625 0.0641399416909621
0 0.2021484375 0.3870262390670554 0.02734375 0.05393586005830904
0 0.3857421875 0.4293002915451895 0.037109375 0.10641399416909621
0 0.70849609375 0.45699708454810495 0.0419921875 0.12099125364431487
0 0.73828125 0.42857142857142855 0.01953125 0.07871720116618076
0 0.7783203125 0.42419825072886297 0.025390625 0.04956268221574344
0 0.81494140625 0.4271137026239067 0.0224609375 0.05539358600583091
0 0.96923828125 0.5488338192419825 0.0595703125 0.21137026239067055
1 0.6025390625 0.6144314868804664 0.46875 0.32798833819241985
