0 0.17822265625 0.35955882352941176 0.0556640625 0.18088235294117647
0 0.29296875 0.34044117647058825 0.017578125 0.030882352941176472
0 0.31591796875 0.35294117647058826 0.0400390625 0.06764705882352941
0 0.32470703125 0.3352941176470588 0.0244140625 0.03529411764705882
0 0.37548828125 0.3639705882352941 0.0224609375 0.07794117647058824
0 0.4189453125 0.42720588235294116 0.0390625 0.2426470588235294
0 0.4609375 0.4 0.025390625 0.1588235294117647
0 0.48779296875 0.39705882352941174 0.0244140625 0.1411764705882353
0 0.5341796875 0.4294117647058823 0.05859375 0.2235294117647059
0 0.5703125 0.4485294117647059 0.048828125 0.26176470588235295
0 0.60791015625 0.3411764705882353 0.0185546875 0.06470588235294118
0 0.6533203125 0.4073529411764706 0.06640625 0.18823529411764706
0 0.69580078125 0.33676470588235297 0.0283203125 0.10882352941176471
0 0.7421875 0.37279411764705883 0.029296875 0.07794117647058824
0 0.77978515625 0.36617647058823527 0.0576171875 0.13823529411764707
0 0.80126953125 0.3220588235294118 0.0380859375 0.11764705882352941
0 0.8408203125 0.34338235294117647 0.037109375 0.15441176470588236
1 0.10400390625 0.40147058823529413 0.0498046875 0.06764705882352941
1 0.76953125 0.35441176470588237 0.126953125 0.08235294117647059
