0 0.80419921875 0.8857979502196194 0.0439453125 0.18740849194729137
1 0.26513671875 0.8857979502196194 0.2841796875 0.17862371888726208
0 0.04736328125 0.773792093704246 0.0185546875 0.024890190336749635
0 0.1455078125 0.8243045387994143 0.03125 0.07613469985358712
0 0.1982421875 0.8001464128843339 0.015625 0.03953147877013177
0 0.35009765625 0.8052708638360175 0.0205078125 0.0527086383601757
0 0.36962890625 0.8191800878477306 0.0205078125 0.07174231332357248
0 0.6513671875 0.8609077598828697 0.033203125 0.13469985358711567
0 0.703125 0.83601756954612 0.015625 0.1054172767203514
0 0.86767578125 0.8748169838945827 0.0244140625 0.16251830161054173
0 0.95458984375 0.2847730600292826 0.0869140625 0.4612005856515373
1 0.53076171875 0.8338213762811127 0.1103515625 0.08638360175695461
1 0.65771484375 0.8001464128843339 0.0556640625 0.05710102489019034
1 0.74755859375 0.8294289897510981 0.0517578125 0.04538799414348463
