0 0.54736328125 0.5007352941176471 0.0400390625 0.12205882352941176
0 0.59765625 0.4786764705882353 0.015625 0.10441176470588236
0 0.74951171875 0.6014705882352941 0.1396484375 0.3764705882352941
1 0.04638671875 0.5264705882352941 0.0927734375 0.3764705882352941
1 0.09619140625 0.5279411764705882 0.1298828125 0.17352941176470588
1 0.1611328125 0.5066176470588235 0.03125 0.09264705882352942
1 0.1650390625 0.4889705882352941 0.037109375 0.0838235294117647
1 0.1806640625 0.48455882352941176 0.021484375 0.060294117647058824
1 0.57275390625 0.4823529411764706 0.0185546875 0.01764705882352941
1 0.638671875 0.4852941176470588 0.017578125 0.023529411764705882
1 0.7666015625 0.4933823529411765 0.048828125 0.03676470588235294
1 0.8115234375 0.49779411764705883 0.056640625 0.033823529411764704
1 0.875 0.4919117647058823 0.091796875 0.06323529411764706
