0 0.28466796875 0.24158125915080528 0.1318359375 0.38653001464128844
1 0.4814453125 0.5307467057101025 0.748046875 0.677891654465593
0 0.0859375 0.0951683748169839 0.015625 0.09663250366032211
0 0.107421875 0.08711566617862372 0.021484375 0.10980966325036604
0 0.1982421875 0.10468521229868229 0.029296875 0.11859443631039532
0 0.35009765625 0.18740849194729137 0.0751953125 0.36603221083455345
0 0.45166015625 0.16471449487554904 0.0849609375 0.2884333821376281
0 0.53271484375 0.06881405563689605 0.0166015625 0.043923865300146414
0 0.55419921875 0.06808199121522694 0.0185546875 0.03367496339677892
0 0.71142578125 0.08565153733528551 0.0205078125 0.10980966325036604
0 0.7294921875 0.08638360175695461 0.041015625 0.11127379209370425
0 0.75927734375 0.09224011713030747 0.0185546875 0.1054172767203514
1 0.04296875 0.10175695461200586 0.0859375 0.07759882869692533
1 0.13525390625 0.4128843338213763 0.2705078125 0.465592972181552
1 0.1484375 0.10102489019033675 0.091796875 0.08199121522693997
1 0.49267578125 0.07906295754026355 0.0634765625 0.09077598828696926
1 0.5859375 0.09297218155197658 0.13671875 0.13030746705710103
1 0.693359375 0.10322108345534407 0.130859375 0.10102489019033675
1 0.83642578125 0.10468521229868229 0.1474609375 0.11273792093704246
1 0.9462890625 0.10761346998535871 0.10546875 0.10980966325036604
