0 0.69921875 0.6471449487554904 0.048828125 0.16398243045387995
0 0.16796875 0.678623718887262 0.333984375 0.28550512445095166
0 0.1591796875 0.6939970717423133 0.05859375 0.24011713030746706
0 0.27783203125 0.6749633967789166 0.1201171875 0.26061493411420206
0 0.5830078125 0.6500732064421669 0.048828125 0.1815519765739385
0 0.78271484375 0.8111273792093704 0.1064453125 0.17862371888726208
0 0.7822265625 0.6756954612005857 0.06640625 0.22108345534407028
0 0.85693359375 0.726207906295754 0.2080078125 0.3074670571010249
0 0.900390625 0.7291361639824304 0.07421875 0.30453879941434847
1 0.306640625 0.9524158125915081 0.61328125 0.09224011713030747
1 0.49951171875 0.8572474377745242 0.9990234375 0.28257686676427524
1 0.49853515625 0.7166910688140556 0.2001953125 0.21522693997071743
