0 0.5126953125 0.6017569546120058 0.072265625 0.2547584187408492
1 0.1875 0.6859443631039531 0.375 0.2445095168374817
0 0.02099609375 0.4685212298682284 0.0283203125 0.08784773060029283
0 0.05224609375 0.4677891654465593 0.0224609375 0.05124450951683748
0 0.0595703125 0.4472913616398243 0.025390625 0.06588579795021962
0 0.10302734375 0.4465592972181552 0.0263671875 0.09077598828696926
0 0.1611328125 0.5087847730600292 0.029296875 0.08345534407027819
0 0.193359375 0.4956076134699854 0.05078125 0.11566617862371889
0 0.24951171875 0.4882869692532943 0.0205078125 0.07759882869692533
0 0.28271484375 0.4428989751098097 0.0166015625 0.08931185944363104
0 0.30322265625 0.4428989751098097 0.0283203125 0.07759882869692533
0 0.38232421875 0.6486090775988287 0.0751953125 0.23718887262079064
0 0.38916015625 0.5175695461200586 0.0439453125 0.1390922401171303
0 0.46728515625 0.38945827232796487 0.0986328125 0.1054172767203514
0 0.4404296875 0.5073206442166911 0.041015625 0.1478770131771596
0 0.50830078125 0.493411420204978 0.0498046875 0.10248901903367497
0 0.5498046875 0.5490483162518301 0.025390625 0.2342606149341142
0 0.59814453125 0.43997071742313326 0.0419921875 0.10980966325036604
0 0.66064453125 0.5527086383601757 0.0791015625 0.11566617862371889
0 0.64306640625 0.3711566617862372 0.0224609375 0.05417276720351391
0 0.6826171875 0.48535871156661786 0.0546875 0.09224011713030747
0 0.69287109375 0.37920937042459735 0.0146484375 0.06442166910688141
0 0.7255859375 0.5058565153733529 0.041015625 0.11566617862371889
0 0.740234375 0.4582723279648609 0.029296875 0.1054172767203514
0 0.740234375 0.3931185944363104 0.015625 0.036603221083455345
0 0.765625 0.45534407027818447 0.017578125 0.12298682284040996
0 0.802734375 0.37701317715959004 0.015625 0.03953147877013177
0 0.822265625 0.3594436310395315 0.01171875 0.0629575402635432
0 0.9453125 0.4575402635431918 0.0390625 0.04538799414348463
1 0.8994140625 0.383601756954612 0.064453125 0.020497803806734993
