0 0.02392578125 0.6748554913294798 0.0166015625 0.03468208092485549
0 0.0478515625 0.6986994219653179 0.025390625 0.09104046242774566
0 0.0634765625 0.7008670520231214 0.017578125 0.06069364161849711
0 0.10791015625 0.680635838150289 0.0166015625 0.05202312138728324
0 0.24462890625 0.6936416184971098 0.0205078125 0.08092485549132948
0 0.2587890625 0.680635838150289 0.005859375 0.02601156069364162
0 0.27001953125 0.6741329479768786 0.0068359375 0.02167630057803468
0 0.5078125 0.6929190751445087 0.03515625 0.09104046242774566
0 0.5146484375 0.6517341040462428 0.017578125 0.03468208092485549
0 0.53173828125 0.6611271676300579 0.0048828125 0.01878612716763006
0 0.5859375 0.7752890173410405 0.09375 0.273121387283237
0 0.61181640625 0.6604046242774566 0.0048828125 0.02601156069364162
0 0.6728515625 0.6546242774566474 0.00390625 0.014450867052023121
0 0.67529296875 0.6495664739884393 0.0048828125 0.02167630057803468
0 0.6943359375 0.6690751445086706 0.01171875 0.06358381502890173
0 0.857421875 0.6813583815028902 0.025390625 0.05635838150289017
0 0.98486328125 0.6661849710982659 0.0185546875 0.07225433526011561
1 0.2001953125 0.6986994219653179 0.064453125 0.06213872832369942
1 0.90087890625 0.8663294797687862 0.1962890625 0.26445086705202314
