0 0.07666015625 0.711764705882353 0.0693359375 0.31470588235294117
0 0.14697265625 0.6264705882352941 0.0205078125 0.058823529411764705
0 0.1630859375 0.6345588235294117 0.01953125 0.07205882352941176
0 0.18896484375 0.6360294117647058 0.0205078125 0.08088235294117647
0 0.21484375 0.6301470588235294 0.0234375 0.07794117647058824
0 0.37841796875 0.5235294117647059 0.0615234375 0.3588235294117647
0 0.42529296875 0.5941176470588235 0.0908203125 0.36764705882352944
0 0.43115234375 0.3875 0.0400390625 0.051470588235294115
0 0.50439453125 0.6838235294117647 0.0771484375 0.3941176470588235
0 0.57080078125 0.711764705882353 0.0869140625 0.4264705882352941
0 0.76904296875 0.6566176470588235 0.1064453125 0.3779411764705882
0 0.83837890625 0.6772058823529412 0.0791015625 0.41323529411764703
1 0.6064453125 0.5588235294117647 0.404296875 0.4294117647058823
