0 0.56005859375 0.388681592039801 0.0888671875 0.1927860696517413
0 0.6279296875 0.4601990049751244 0.18359375 0.2960199004975124
0 0.59033203125 0.2835820895522388 0.0341796875 0.05472636815920398
0 0.64013671875 0.2873134328358209 0.0751953125 0.12686567164179105
0 0.8359375 0.25497512437810943 0.03125 0.07213930348258707
0 0.87939453125 0.28171641791044777 0.0673828125 0.13059701492537312
0 0.919921875 0.2531094527363184 0.0390625 0.07835820895522388
0 0.93359375 0.44154228855721395 0.041015625 0.0845771144278607
0 0.966796875 0.35012437810945274 0.064453125 0.1927860696517413
1 0.2412109375 0.26990049751243783 0.1015625 0.07213930348258707
1 0.45703125 0.2537313432835821 0.0859375 0.06716417910447761
1 0.6806640625 0.31405472636815923 0.400390625 0.277363184079602
1 0.98974609375 0.26803482587064675 0.0146484375 0.07835820895522388
