0 0.2900390625 0.7415565345080763 0.015625 0.10866372980910426
0 0.32177734375 0.7327459618208517 0.0263671875 0.08223201174743025
0 0.37109375 0.7613803230543319 0.041015625 0.16886930983847284
0 0.4296875 0.7819383259911894 0.02734375 0.16299559471365638
0 0.48828125 0.7672540381791483 0.037109375 0.10719530102790015
0 0.560546875 0.7797356828193832 0.04296875 0.1527165932452276
0 0.59814453125 0.7819383259911894 0.0263671875 0.13069016152716592
0 0.71728515625 0.6989720998531571 0.0166015625 0.023494860499265784
0 0.7724609375 0.7187958883994127 0.021484375 0.022026431718061675
0 0.8310546875 0.71071953010279 0.017578125 0.02643171806167401
0 0.88671875 0.7334801762114538 0.009765625 0.07195301027900147
0 0.92333984375 0.7011747430249633 0.0087890625 0.03671071953010279
1 0.66015625 0.7856093979441997 0.158203125 0.15565345080763582
1 0.7119140625 0.7386196769456681 0.115234375 0.049926578560939794
1 0.80419921875 0.7922173274596183 0.1513671875 0.13069016152716592
1 0.9208984375 0.8259911894273128 0.15625 0.21879588839941264
