0 0.2021484375 0.36328125 0.095703125 0.4348958333333333
0 0.0185546875 0.2884114583333333 0.037109375 0.12630208333333334
0 0.04150390625 0.2623697916666667 0.0419921875 0.12630208333333334
0 0.12109375 0.349609375 0.095703125 0.3684895833333333
0 0.25830078125 0.2845052083333333 0.0595703125 0.15494791666666666
0 0.6982421875 0.2421875 0.01953125 0.059895833333333336
0 0.72802734375 0.23893229166666666 0.0283203125 0.08984375
0 0.75341796875 0.22005208333333334 0.0322265625 0.0625
0 0.75927734375 0.23372395833333334 0.0283203125 0.06640625
0 0.93017578125 0.4010416666666667 0.1376953125 0.4921875
1 0.0693359375 0.4427083333333333 0.138671875 0.2760416666666667
1 0.56298828125 0.4798177083333333 0.6298828125 0.5533854166666666
1 0.841796875 0.365234375 0.314453125 0.3997395833333333
1 0.91796875 0.236328125 0.15625 0.16796875
