0 0.826171875 0.6458333333333334 0.056640625 0.203125
1 0.38330078125 0.751953125 0.2568359375 0.2721354166666667
0 0.04638671875 0.4622395833333333 0.0869140625 0.0703125
0 0.130859375 0.5071614583333334 0.072265625 0.10026041666666667
0 0.30126953125 0.548828125 0.1572265625 0.17317708333333334
0 0.2578125 0.4537760416666667 0.052734375 0.08463541666666667
0 0.28271484375 0.4016927083333333 0.0185546875 0.06901041666666667
0 0.3173828125 0.4557291666666667 0.01953125 0.08072916666666667
0 0.34619140625 0.4375 0.0224609375 0.06510416666666667
0 0.3564453125 0.4602864583333333 0.025390625 0.07421875
0 0.3857421875 0.47265625 0.02734375 0.0859375
0 0.400390625 0.576171875 0.03125 0.09244791666666667
0 0.3955078125 0.4388020833333333 0.009765625 0.033854166666666664
0 0.40771484375 0.4837239583333333 0.0205078125 0.10286458333333333
0 0.435546875 0.6048177083333334 0.0390625 0.10807291666666667
0 0.443359375 0.4908854166666667 0.029296875 0.09635416666666667
0 0.45166015625 0.4251302083333333 0.0224609375 0.061197916666666664
0 0.47900390625 0.6399739583333334 0.0302734375 0.11328125
0 0.5166015625 0.5234375 0.09375 0.13541666666666666
0 0.5009765625 0.384765625 0.037109375 0.08723958333333333
0 0.5068359375 0.7174479166666666 0.04296875 0.16666666666666666
0 0.50830078125 0.6015625 0.0341796875 0.08333333333333333
0 0.53369140625 0.681640625 0.0361328125 0.14192708333333334
0 0.595703125 0.6875 0.0703125 0.1015625
0 0.6279296875 0.5755208333333334 0.09765625 0.17447916666666666
0 0.62353515625 0.6569010416666666 0.0537109375 0.11848958333333333
0 0.6162109375 0.732421875 0.0234375 0.03515625
0 0.7109375 0.75 0.05859375 0.19010416666666666
0 0.71826171875 0.591796875 0.0361328125 0.15755208333333334
0 0.7578125 0.6028645833333334 0.044921875 0.17447916666666666
0 0.7978515625 0.8365885416666666 0.1015625 0.2643229166666667
0 0.89697265625 0.58203125 0.0595703125 0.0859375
0 0.90771484375 0.6673177083333334 0.0693359375 0.23307291666666666
0 0.93017578125 0.9309895833333334 0.1083984375 0.13541666666666666
1 0.22412109375 0.6015625 0.1337890625 0.16666666666666666
1 0.3017578125 0.4348958333333333 0.1328125 0.09375
1 0.4033203125 0.4622395833333333 0.080078125 0.07291666666666667
1 0.50048828125 0.46875 0.1025390625 0.10416666666666667
1 0.6513671875 0.8736979166666666 0.392578125 0.25
