0 0.0263671875 0.15451895043731778 0.015625 0.0058309037900874635
0 0.06787109375 0.239067055393586 0.0615234375 0.23323615160349853
0 0.08251953125 0.14941690962099125 0.0166015625 0.016034985422740525
0 0.08740234375 0.18440233236151604 0.0185546875 0.07142857142857142
0 0.10302734375 0.19752186588921283 0.0283203125 0.10349854227405247
0 0.11767578125 0.2055393586005831 0.0166015625 0.04956268221574344
0 0.119140625 0.19970845481049562 0.0078125 0.052478134110787174
0 0.13037109375 0.1967930029154519 0.0263671875 0.16909620991253643
0 0.12353515625 0.1618075801749271 0.0107421875 0.026239067055393587
0 0.166015625 0.2099125364431487 0.06640625 0.2099125364431487
0 0.18017578125 0.18513119533527697 0.0244140625 0.10787172011661808
0 0.2060546875 0.19314868804664723 0.01953125 0.08309037900874636
0 0.2587890625 0.14941690962099125 0.025390625 0.05393586005830904
0 0.2861328125 0.16909620991253643 0.017578125 0.029154518950437316
0 0.28466796875 0.16472303206997085 0.0068359375 0.023323615160349854
0 0.291015625 0.1661807580174927 0.0078125 0.02040816326530612
0 0.3212890625 0.1588921282798834 0.044921875 0.043731778425655975
0 0.3359375 0.16399416909620992 0.009765625 0.018950437317784258
0 0.361328125 0.16909620991253643 0.021484375 0.023323615160349854
0 0.392578125 0.1661807580174927 0.01171875 0.01749271137026239
0 0.408203125 0.17346938775510204 0.0234375 0.03498542274052478
0 0.4248046875 0.1727405247813411 0.013671875 0.03644314868804665
0 0.435546875 0.1727405247813411 0.013671875 0.02478134110787172
0 0.4521484375 0.17201166180758018 0.015625 0.04081632653061224
0 0.47265625 0.16763848396501457 0.033203125 0.09620991253644315
0 0.48681640625 0.18731778425655976 0.0302734375 0.06559766763848396
0 0.55078125 0.23760932944606414 0.046875 0.19533527696793002
0 0.6181640625 0.1618075801749271 0.025390625 0.037900874635568516
0 0.638671875 0.16690962099125364 0.015625 0.021865889212827987
0 0.6513671875 0.16399416909620992 0.013671875 0.018950437317784258
0 0.77001953125 0.23177842565597667 0.1337890625 0.41690962099125367
0 0.82421875 0.14723032069970846 0.0234375 0.037900874635568516
0 0.8408203125 0.14212827988338192 0.02734375 0.05102040816326531
0 0.8603515625 0.1618075801749271 0.01953125 0.02040816326530612
0 0.93994140625 0.30830903790087466 0.1181640625 0.575801749271137
0 0.8994140625 0.18075801749271136 0.0234375 0.06997084548104957
0 0.90185546875 0.17128279883381925 0.0166015625 0.04518950437317784
1 0.0478515625 0.24489795918367346 0.095703125 0.1749271137026239
1 0.17822265625 0.21793002915451895 0.1279296875 0.1151603498542274
1 0.53125 0.5779883381924198 0.818359375 0.7361516034985423
1 0.36767578125 0.1661807580174927 0.0517578125 0.023323615160349854
1 0.45703125 0.2018950437317784 0.099609375 0.030612244897959183
1 0.64501953125 0.2543731778425656 0.1552734375 0.23469387755102042
1 0.8388671875 0.37900874635568516 0.3203125 0.32653061224489793
