0 0.32763671875 0.5208333333333334 0.0556640625 0.16927083333333334
0 0.40185546875 0.521484375 0.0576171875 0.16536458333333334
0 0.4775390625 0.5416666666666666 0.0546875 0.15364583333333334
0 0.521484375 0.5286458333333334 0.068359375 0.21354166666666666
0 0.6123046875 0.5201822916666666 0.052734375 0.15494791666666666
1 0.29052734375 0.673828125 0.5810546875 0.6497395833333334
1 0.29150390625 0.673828125 0.5830078125 0.6497395833333334
1 0.1171875 0.5091145833333334 0.01953125 0.020833333333333332
1 0.1181640625 0.5084635416666666 0.017578125 0.016927083333333332
1 0.83251953125 0.5364583333333334 0.1806640625 0.23177083333333334
1 0.8330078125 0.5345052083333334 0.177734375 0.23567708333333334
1 0.96435546875 0.478515625 0.0693359375 0.06380208333333333
1 0.96484375 0.4772135416666667 0.068359375 0.06640625
