0 0.16650390625 0.6588541666666666 0.0107421875 0.0642361111111111
0 0.1845703125 0.6640625 0.015625 0.078125
0 0.4013671875 0.6979166666666666 0.01953125 0.11458333333333333
0 0.57666015625 0.6319444444444444 0.0185546875 0.059027777777777776
0 0.62548828125 0.6354166666666666 0.0400390625 0.0763888888888889
0 0.7900390625 0.640625 0.046875 0.03819444444444445
0 0.81787109375 0.6388888888888888 0.0263671875 0.052083333333333336
0 0.86181640625 0.6423611111111112 0.0400390625 0.09027777777777778
1 0.37158203125 0.6519097222222222 0.1337890625 0.10590277777777778
1 0.4775390625 0.6822916666666666 0.109375 0.1111111111111111
