0 0.06884765625 0.5719530102790015 0.1376953125 0.762114537444934
0 0.09423828125 0.8054331864904553 0.0947265625 0.3010279001468429
0 0.25439453125 0.5433186490455213 0.2236328125 0.8604992657856094
0 0.203125 0.5447870778267254 0.099609375 0.8487518355359766
0 0.38818359375 0.5337738619676946 0.1220703125 0.6505139500734214
0 0.4375 0.355359765051395 0.09765625 0.2555066079295154
0 0.7958984375 0.33627019089574156 0.11328125 0.17033773861967694
0 0.8095703125 0.14904552129221732 0.08203125 0.16593245227606462
0 0.89501953125 0.27973568281938327 0.1103515625 0.29809104258443464
0 0.95263671875 0.3208516886930984 0.0927734375 0.4008810572687225
1 0.5419921875 0.604992657856094 0.9140625 0.540381791483113
