0 0.5185393258426966 0.50732421875 0.4820224719101124 0.5712890625
0 0.20168539325842696 0.12646484375 0.07528089887640449 0.1787109375
0 0.5938202247191011 0.05810546875 0.019101123595505618 0.0419921875
0 0.7207865168539326 0.10009765625 0.09775280898876404 0.0830078125
0 0.8219101123595506 0.06201171875 0.030337078651685393 0.0595703125
0 0.9011235955056179 0.05908203125 0.029213483146067417 0.0615234375
1 0.5089887640449439 0.5625 0.8404494382022472 0.7734375
1 0.23820224719101124 0.11669921875 0.2247191011235955 0.1904296875
1 0.3196629213483146 0.09326171875 0.2303370786516854 0.1650390625
1 0.7724719101123596 0.05712890625 0.09101123595505618 0.0673828125
