0 0.28369140625 0.5960410557184751 0.0888671875 0.4237536656891496
1 0.0947265625 0.5828445747800587 0.162109375 0.20967741935483872
0 0.44384765625 0.6224340175953079 0.1455078125 0.43841642228739003
0 0.5615234375 0.6187683284457478 0.083984375 0.4046920821114369
1 0.01416015625 0.6546920821114369 0.0283203125 0.08357771260997067
1 0.18505859375 0.5623167155425219 0.1591796875 0.18035190615835778
1 0.87744140625 0.5791788856304986 0.2412109375 0.22580645161290322
1 0.8466796875 0.47580645161290325 0.05859375 0.09237536656891496
1 0.98583984375 0.43841642228739003 0.0244140625 0.04398826979472141
1 0.9951171875 0.4640762463343108 0.005859375 0.03372434017595308
