0 0.595703125 0.5768667642752562 0.107421875 0.42752562225475843
0 0.515625 0.5021961932650073 0.021484375 0.1698389458272328
0 0.5390625 0.47144948755490484 0.025390625 0.12298682284040996
0 0.560546875 0.42752562225475843 0.02734375 0.04685212298682284
0 0.64501953125 0.5087847730600292 0.0419921875 0.22108345534407028
0 0.70703125 0.5505124450951684 0.060546875 0.3191800878477306
1 0.458984375 0.4699853587115666 0.111328125 0.1581259150805271
1 0.54931640625 0.4882869692532943 0.1396484375 0.212298682284041
1 0.6875 0.5219619326500732 0.154296875 0.31771595900439237
1 0.845703125 0.6090775988286969 0.306640625 0.7115666178623719
