0 0.04638671875 0.5387994143484627 0.0517578125 0.1259150805270864
0 0.07177734375 0.6149341142020498 0.0771484375 0.2869692532942899
0 0.14599609375 0.5065885797950219 0.0302734375 0.04978038067349927
0 0.17822265625 0.5043923865300146 0.0302734375 0.04538799414348463
0 0.21240234375 0.6178623718887262 0.0185546875 0.2342606149341142
0 0.2412109375 0.6339677891654466 0.072265625 0.32503660322108346
0 0.28466796875 0.5190336749633968 0.0380859375 0.0629575402635432
0 0.34033203125 0.513177159590044 0.0478515625 0.08345534407027819
0 0.3798828125 0.5285505124450952 0.03125 0.06734992679355783
0 0.439453125 0.6669106881405563 0.07421875 0.31771595900439237
0 0.4228515625 0.5336749633967789 0.029296875 0.0629575402635432
0 0.4921875 0.5841874084919473 0.02734375 0.1581259150805271
0 0.51611328125 0.5885797950219619 0.0263671875 0.18448023426061494
0 0.556640625 0.4978038067349927 0.005859375 0.014641288433382138
0 0.56396484375 0.5929721815519766 0.0166015625 0.18448023426061494
0 0.5791015625 0.5702781844802343 0.0234375 0.1800878477306003
0 0.6083984375 0.575402635431918 0.0234375 0.1698389458272328
0 0.62646484375 0.6068814055636896 0.0419921875 0.22693997071742314
0 0.66064453125 0.5658857979502196 0.0263671875 0.11566617862371889
0 0.6826171875 0.5446559297218155 0.025390625 0.08784773060029283
0 0.7001953125 0.5314787701317716 0.0234375 0.06734992679355783
0 0.71826171875 0.5212298682284041 0.0146484375 0.02635431918008785
0 0.72509765625 0.5387994143484627 0.0185546875 0.017569546120058566
0 0.72509765625 0.49633967789165445 0.0126953125 0.029282576866764276
0 0.73193359375 0.5204978038067349 0.0107421875 0.021961932650073207
0 0.74853515625 0.5234260614934114 0.0244140625 0.04538799414348463
0 0.74951171875 0.5021961932650073 0.0107421875 0.029282576866764276
0 0.76904296875 0.5153733528550513 0.0224609375 0.05856515373352855
0 0.779296875 0.5314787701317716 0.02734375 0.032210834553440704
0 0.794921875 0.5014641288433382 0.013671875 0.024890190336749635
0 0.80810546875 0.5329428989751098 0.0224609375 0.043923865300146414
0 0.80517578125 0.5036603221083455 0.0107421875 0.029282576866764276
0 0.83349609375 0.5226939970717424 0.0146484375 0.029282576866764276
0 0.85302734375 0.5212298682284041 0.0224609375 0.020497803806734993
0 0.8544921875 0.493411420204978 0.015625 0.020497803806734993
1 0.74462890625 0.6808199121522694 0.2744140625 0.28111273792093705
1 0.87744140625 0.6149341142020498 0.1123046875 0.17862371888726208
1 0.92724609375 0.5695461200585652 0.1025390625 0.14348462664714495
