0 0.2109375 0.30600292825768666 0.08203125 0.3367496339677892
1 0.5322265625 0.5292825768667643 0.841796875 0.595900439238653
0 0.06494140625 0.3923865300146413 0.1298828125 0.5768667642752562
0 0.0498046875 0.1486090775988287 0.09375 0.13323572474377746
0 0.1298828125 0.31478770131771594 0.0625 0.3601756954612006
0 0.29150390625 0.26061493411420206 0.0869140625 0.32210834553440704
0 0.359375 0.25109809663250365 0.068359375 0.25036603221083453
0 0.38232421875 0.19546120058565153 0.0263671875 0.08931185944363104
0 0.4228515625 0.22840409956076135 0.033203125 0.0849194729136164
0 0.5029296875 0.1903367496339678 0.06640625 0.12005856515373353
0 0.56787109375 0.19765739385065886 0.0439453125 0.08784773060029283
0 0.6318359375 0.17642752562225475 0.064453125 0.13616398243045388
0 0.69970703125 0.19692532942898974 0.0537109375 0.09224011713030747
0 0.73876953125 0.22986822840409957 0.0224609375 0.02342606149341142
0 0.78955078125 0.21669106881405564 0.0458984375 0.12005856515373353
1 0.068359375 0.8133235724743777 0.13671875 0.37042459736456806
1 0.896484375 0.3140556368960469 0.205078125 0.33821376281112736
