0 0.3955078125 0.08138020833333333 0.0078125 0.03515625
0 0.41064453125 0.07421875 0.0126953125 0.049479166666666664
0 0.43896484375 0.08528645833333333 0.0107421875 0.055989583333333336
0 0.6513671875 0.15364583333333334 0.056640625 0.19270833333333334
0 0.69873046875 0.11783854166666667 0.0419921875 0.14973958333333334
0 0.9619140625 0.21744791666666666 0.072265625 0.28125
1 0.06005859375 0.068359375 0.0361328125 0.053385416666666664
1 0.33544921875 0.14583333333333334 0.2783203125 0.17708333333333334
1 0.47265625 0.0859375 0.046875 0.046875
1 0.58642578125 0.08919270833333333 0.0458984375 0.045572916666666664
1 0.62158203125 0.083984375 0.0341796875 0.022135416666666668
1 0.736328125 0.10026041666666667 0.044921875 0.036458333333333336
1 0.8603515625 0.14127604166666666 0.134765625 0.10807291666666667
1 0.94921875 0.15690104166666666 0.0390625 0.055989583333333336
