0 0.1220703125 0.6067708333333334 0.0859375 0.3072916666666667
0 0.15625 0.5553385416666666 0.072265625 0.28515625
0 0.25048828125 0.5833333333333334 0.0712890625 0.2786458333333333
0 0.341796875 0.5787760416666666 0.05859375 0.2513020833333333
0 0.447265625 0.546875 0.048828125 0.18489583333333334
0 0.4921875 0.494140625 0.033203125 0.13671875
0 0.53369140625 0.490234375 0.0263671875 0.13411458333333334
0 0.58642578125 0.4765625 0.0244140625 0.109375
0 0.76708984375 0.49609375 0.0341796875 0.140625
0 0.8154296875 0.494140625 0.0234375 0.11328125
0 0.8720703125 0.4967447916666667 0.03125 0.12890625
1 0.04248046875 0.47265625 0.0849609375 0.0703125
1 0.052734375 0.5651041666666666 0.10546875 0.296875
1 0.07177734375 0.4524739583333333 0.0751953125 0.040364583333333336
1 0.14453125 0.4928385416666667 0.140625 0.19661458333333334
