0 0.54736328125 0.60546875 0.0986328125 0.21875
0 0.23583984375 0.6142578125 0.1279296875 0.353515625
0 0.34375 0.52392578125 0.078125 0.2001953125
0 0.3642578125 0.4736328125 0.037109375 0.072265625
0 0.39990234375 0.537109375 0.0634765625 0.17578125
0 0.40966796875 0.4619140625 0.0634765625 0.083984375
0 0.45263671875 0.56591796875 0.0771484375 0.1806640625
0 0.55078125 0.50048828125 0.068359375 0.1123046875
0 0.62646484375 0.5478515625 0.0732421875 0.205078125
0 0.64892578125 0.44970703125 0.0283203125 0.0380859375
1 0.15869140625 0.61328125 0.3173828125 0.330078125
