1 0.7060546875 0.7203513909224012 0.40625 0.2225475841874085
0 0.00927734375 0.2972181551976574 0.0185546875 0.11127379209370425
0 0.0146484375 0.6112737920937042 0.029296875 0.08931185944363104
0 0.0224609375 0.7203513909224012 0.044921875 0.18740849194729137
0 0.08349609375 0.2913616398243045 0.0224609375 0.10248901903367497
0 0.16455078125 0.32723279648609077 0.0283203125 0.10980966325036604
0 0.17578125 0.8784773060029283 0.05078125 0.24011713030746706
0 0.23681640625 0.246705710102489 0.0263671875 0.08931185944363104
0 0.267578125 0.3821376281112738 0.029296875 0.12884333821376281
0 0.34228515625 0.8982430453879942 0.0849609375 0.17715959004392387
0 0.39501953125 0.2730600292825769 0.0244140625 0.09809663250366032
0 0.50927734375 0.3301610541727672 0.0263671875 0.10980966325036604
0 0.64501953125 0.9209370424597365 0.1318359375 0.15519765739385066
0 0.595703125 0.3484626647144949 0.029296875 0.12884333821376281
0 0.62109375 0.3323572474377745 0.02734375 0.1054172767203514
0 0.65869140625 0.27379209370424595 0.0263671875 0.09077598828696926
0 0.7099609375 0.4765739385065886 0.03125 0.1595900439238653
0 0.822265625 0.28550512445095166 0.02734375 0.09077598828696926
