1 0.1083984375 0.7702513966480447 0.2109375 0.3226256983240223
0 0.103515625 0.5956703910614525 0.037109375 0.13547486033519554
0 0.1708984375 0.5740223463687151 0.0625 0.24581005586592178
0 0.421875 0.6187150837988827 0.060546875 0.2849162011173184
0 0.53515625 0.5914804469273743 0.068359375 0.3393854748603352
0 0.64697265625 0.585195530726257 0.0498046875 0.25139664804469275
0 0.73583984375 0.678072625698324 0.1064453125 0.2723463687150838
0 0.8017578125 0.5963687150837989 0.05078125 0.2430167597765363
0 0.8359375 0.5858938547486033 0.0546875 0.24162011173184358
0 0.84716796875 0.6319832402234636 0.0517578125 0.2918994413407821
0 0.89013671875 0.6319832402234636 0.0478515625 0.28631284916201116
0 0.96484375 0.5614525139664804 0.048828125 0.13128491620111732
