0 0.16259765625 0.5293685756240822 0.0419921875 0.16299559471365638
0 0.2548828125 0.6270190895741556 0.091796875 0.2907488986784141
0 0.34375 0.6453744493392071 0.259765625 0.3039647577092511
0 0.33203125 0.5022026431718062 0.037109375 0.08516886930983847
0 0.4345703125 0.6395007342143906 0.130859375 0.2922173274596182
0 0.45556640625 0.6622613803230544 0.1318359375 0.23494860499265785
0 0.5341796875 0.6644640234948604 0.115234375 0.2657856093979442
0 0.60107421875 0.6791483113069016 0.1611328125 0.2540381791483113
0 0.62890625 0.6629955947136564 0.087890625 0.2599118942731278
0 0.6943359375 0.6534508076358296 0.11328125 0.2936857562408223
0 0.7509765625 0.6035242290748899 0.080078125 0.3465491923641703
0 0.77880859375 0.6776798825256976 0.1279296875 0.29809104258443464
0 0.81298828125 0.6696035242290749 0.1298828125 0.26138032305433184
0 0.97412109375 0.7077826725403817 0.0498046875 0.37298091042584436
1 0.044921875 0.5022026431718062 0.08984375 0.09104258443465492
1 0.1015625 0.5044052863436124 0.076171875 0.08663729809104258
1 0.16845703125 0.49706314243759175 0.0654296875 0.08076358296622614
1 0.3408203125 0.5014684287812041 0.095703125 0.06607929515418502
1 0.40087890625 0.4801762114537445 0.0458984375 0.02936857562408223
1 0.52294921875 0.5044052863436124 0.0986328125 0.07488986784140969
1 0.51708984375 0.4750367107195301 0.0830078125 0.05726872246696035
1 0.5771484375 0.48751835535976507 0.04296875 0.05873715124816446
1 0.70654296875 0.48751835535976507 0.0107421875 0.03524229074889868
1 0.83837890625 0.4765051395007342 0.0478515625 0.024963289280469897
1 0.89697265625 0.48384728340675476 0.0478515625 0.06607929515418502
1 0.94091796875 0.4948604992657856 0.0673828125 0.0881057268722467
