0 0.01171875 0.1935483870967742 0.0234375 0.17595307917888564
0 0.0283203125 0.17668621700879766 0.0390625 0.1774193548387097
0 0.0888671875 0.17595307917888564 0.068359375 0.15542521994134897
0 0.10693359375 0.13343108504398826 0.0244140625 0.04398826979472141
0 0.1435546875 0.1656891495601173 0.041015625 0.12023460410557185
0 0.69189453125 0.17668621700879766 0.0517578125 0.13049853372434017
0 0.74365234375 0.17668621700879766 0.0419921875 0.13636363636363635
0 0.8740234375 0.14076246334310852 0.060546875 0.07917888563049853
0 0.90673828125 0.156158357771261 0.0263671875 0.039589442815249266
1 0.5068359375 0.4897360703812317 0.951171875 0.7419354838709677
1 0.74267578125 0.3555718475073314 0.5107421875 0.46774193548387094
