1 0.48681640625 0.6176470588235294 0.2412109375 0.3382352941176471
0 0.2177734375 0.7419117647058824 0.158203125 0.40441176470588236
0 0.18994140625 0.47941176470588237 0.0322265625 0.061764705882352944
0 0.224609375 0.4801470588235294 0.01953125 0.04264705882352941
0 0.2265625 0.5073529411764706 0.017578125 0.07647058823529412
0 0.36865234375 0.4889705882352941 0.0146484375 0.060294117647058824
0 0.38525390625 0.4808823529411765 0.0107421875 0.06470588235294118
0 0.3916015625 0.48455882352941176 0.013671875 0.06323529411764706
0 0.408203125 0.4801470588235294 0.015625 0.0661764705882353
0 0.6787109375 0.48455882352941176 0.009765625 0.060294117647058824
0 0.80810546875 0.6522058823529412 0.2392578125 0.6926470588235294
0 0.69921875 0.4838235294117647 0.013671875 0.06470588235294118
0 0.71484375 0.47941176470588237 0.02734375 0.07352941176470588
1 0.1669921875 0.5308823529411765 0.13671875 0.11764705882352941
