0 0.27880859375 0.7740885416666666 0.1103515625 0.4127604166666667
0 0.01904296875 0.28515625 0.0380859375 0.28125
0 0.03515625 0.18424479166666666 0.044921875 0.12369791666666667
0 0.05029296875 0.042317708333333336 0.0517578125 0.08463541666666667
0 0.08984375 0.439453125 0.12109375 0.3033854166666667
0 0.126953125 0.2643229166666667 0.083984375 0.12239583333333333
0 0.1474609375 0.361328125 0.080078125 0.17578125
0 0.16748046875 0.4427083333333333 0.0537109375 0.11458333333333333
0 0.1689453125 0.03125 0.041015625 0.0625
0 0.208984375 0.3157552083333333 0.0546875 0.25390625
0 0.2470703125 0.2916666666666667 0.068359375 0.20572916666666666
0 0.2529296875 0.1015625 0.033203125 0.08854166666666667
0 0.3017578125 0.458984375 0.0625 0.10026041666666667
0 0.39306640625 0.7962239583333334 0.1201171875 0.4049479166666667
0 0.43896484375 0.666015625 0.1279296875 0.3841145833333333
0 0.39697265625 0.08138020833333333 0.0341796875 0.12630208333333334
0 0.4482421875 0.10677083333333333 0.078125 0.09895833333333333
0 0.447265625 0.08984375 0.06640625 0.046875
0 0.474609375 0.21484375 0.04296875 0.0546875
0 0.515625 0.189453125 0.0546875 0.10286458333333333
0 0.513671875 0.248046875 0.044921875 0.08203125
0 0.5205078125 0.23697916666666666 0.0390625 0.057291666666666664
0 0.5771484375 0.201171875 0.0546875 0.12369791666666667
0 0.576171875 0.2571614583333333 0.048828125 0.13932291666666666
0 0.62939453125 0.22591145833333334 0.0478515625 0.15234375
0 0.677734375 0.181640625 0.025390625 0.19921875
0 0.72998046875 0.5299479166666666 0.1025390625 0.3072916666666667
0 0.73681640625 0.1796875 0.0576171875 0.18489583333333334
0 0.7822265625 0.189453125 0.03125 0.16796875
0 0.80029296875 0.21744791666666666 0.0400390625 0.140625
0 0.82666015625 0.7356770833333334 0.0849609375 0.3020833333333333
0 0.83544921875 0.4622395833333333 0.0986328125 0.3203125
0 0.8408203125 0.248046875 0.056640625 0.14973958333333334
0 0.8837890625 0.4993489583333333 0.091796875 0.20703125
0 0.89013671875 0.2838541666666667 0.0517578125 0.234375
0 0.96435546875 0.5774739583333334 0.0693359375 0.20442708333333334
0 0.98291015625 0.06966145833333333 0.0322265625 0.07161458333333333
0 0.98681640625 0.251953125 0.0244140625 0.07421875
1 0.13330078125 0.7526041666666666 0.2666015625 0.4921875
1 0.14453125 0.09635416666666667 0.2890625 0.14322916666666666
1 0.17724609375 0.24479166666666666 0.3369140625 0.21354166666666666
1 0.42529296875 0.5234375 0.7138671875 0.3932291666666667
1 0.49609375 0.18424479166666666 0.37109375 0.20963541666666666
1 0.57373046875 0.055989583333333336 0.2158203125 0.11197916666666667
1 0.92138671875 0.14973958333333334 0.1552734375 0.10677083333333333
1 0.92822265625 0.2109375 0.1357421875 0.15625
