0 0.62646484375 0.76171875 0.0419921875 0.14583333333333334
0 0.478515625 0.7278645833333334 0.02734375 0.0859375
0 0.48828125 0.6881510416666666 0.0078125 0.024739583333333332
0 0.49609375 0.7200520833333334 0.013671875 0.0703125
0 0.50830078125 0.7200520833333334 0.0166015625 0.08072916666666667
0 0.541015625 0.7180989583333334 0.009765625 0.061197916666666664
0 0.5693359375 0.7037760416666666 0.013671875 0.048177083333333336
1 0.54052734375 0.708984375 0.0400390625 0.048177083333333336
1 0.7060546875 0.73046875 0.0625 0.09635416666666667
1 0.845703125 0.8684895833333334 0.306640625 0.2604166666666667
1 0.787109375 0.755859375 0.15234375 0.14453125
