0 0.04296875 0.3079427083333333 0.0859375 0.41015625
0 0.173828125 0.19140625 0.0390625 0.1015625
0 0.20654296875 0.17643229166666666 0.0283203125 0.053385416666666664
0 0.24462890625 0.16861979166666666 0.0185546875 0.053385416666666664
0 0.2705078125 0.162109375 0.03515625 0.055989583333333336
0 0.31201171875 0.16731770833333334 0.0361328125 0.040364583333333336
0 0.35595703125 0.16080729166666666 0.0439453125 0.061197916666666664
0 0.39208984375 0.16796875 0.0205078125 0.033854166666666664
0 0.45703125 0.16666666666666666 0.029296875 0.041666666666666664
0 0.51171875 0.17643229166666666 0.02734375 0.029947916666666668
0 0.564453125 0.18098958333333334 0.025390625 0.0390625
0 0.59228515625 0.185546875 0.0322265625 0.048177083333333336
0 0.6259765625 0.17903645833333334 0.015625 0.048177083333333336
0 0.697265625 0.20833333333333334 0.12890625 0.2760416666666667
0 0.64892578125 0.169921875 0.0205078125 0.05859375
0 0.8330078125 0.17447916666666666 0.025390625 0.026041666666666668
0 0.8701171875 0.23697916666666666 0.048828125 0.1171875
0 0.97265625 0.212890625 0.052734375 0.18619791666666666
1 0.5009765625 0.4869791666666667 0.931640625 0.6302083333333334
1 0.7392578125 0.3248697916666667 0.51953125 0.2565104166666667
1 0.85302734375 0.240234375 0.2275390625 0.12109375
