0 0.55126953125 0.6705882352941176 0.0419921875 0.12941176470588237
1 0.20703125 0.6867647058823529 0.166015625 0.16176470588235295
0 0.26806640625 0.6639705882352941 0.0478515625 0.09558823529411764
0 0.27783203125 0.675 0.0673828125 0.17941176470588235
0 0.31298828125 0.6970588235294117 0.0537109375 0.16470588235294117
0 0.38525390625 0.6316176470588235 0.0185546875 0.022058823529411766
0 0.3896484375 0.6316176470588235 0.021484375 0.030882352941176472
0 0.47021484375 0.6720588235294118 0.0556640625 0.1264705882352941
0 0.52783203125 0.6558823529411765 0.0400390625 0.09411764705882353
0 0.98046875 0.6330882352941176 0.029296875 0.0838235294117647
0 0.9921875 0.6404411764705882 0.013671875 0.07794117647058824
1 0.0263671875 0.6735294117647059 0.052734375 0.11764705882352941
