0 0.47900390625 0.7610677083333334 0.0498046875 0.18880208333333334
1 0.16552734375 0.6106770833333334 0.1279296875 0.1015625
0 0.54736328125 0.806640625 0.0654296875 0.10807291666666667
0 0.60302734375 0.7369791666666666 0.0400390625 0.20572916666666666
0 0.63134765625 0.7298177083333334 0.0380859375 0.19661458333333334
0 0.64013671875 0.4928385416666667 0.0380859375 0.20703125
0 0.65625 0.751953125 0.03125 0.19921875
0 0.712890625 0.7493489583333334 0.044921875 0.18880208333333334
0 0.81298828125 0.744140625 0.0576171875 0.18880208333333334
1 0.20458984375 0.7936197916666666 0.4091796875 0.3138020833333333
1 0.21923828125 0.890625 0.4384765625 0.21614583333333334
1 0.1806640625 0.5592447916666666 0.0234375 0.022135416666666668
1 0.224609375 0.5553385416666666 0.033203125 0.02734375
1 0.39306640625 0.5774739583333334 0.0576171875 0.04296875
1 0.59619140625 0.572265625 0.0439453125 0.03515625
1 0.89111328125 0.6217447916666666 0.1201171875 0.06380208333333333
