0 0.40625 0.13997395833333334 0.046875 0.11588541666666667
0 0.4072265625 0.2545572916666667 0.0234375 0.03515625
0 0.474609375 0.15364583333333334 0.044921875 0.12239583333333333
0 0.4736328125 0.22591145833333334 0.025390625 0.06640625
0 0.51611328125 0.169921875 0.0615234375 0.16536458333333334
0 0.64013671875 0.11783854166666667 0.0107421875 0.037760416666666664
0 0.69189453125 0.12174479166666667 0.0146484375 0.05859375
0 0.736328125 0.12174479166666667 0.01953125 0.05078125
0 0.8515625 0.111328125 0.015625 0.03515625
0 0.86376953125 0.11067708333333333 0.0126953125 0.0234375
1 0.501953125 0.126953125 0.041015625 0.055989583333333336
1 0.5498046875 0.15104166666666666 0.0546875 0.09635416666666667
1 0.59130859375 0.171875 0.1220703125 0.1328125
1 0.8671875 0.3424479166666667 0.263671875 0.4661458333333333
1 0.900390625 0.1171875 0.048828125 0.015625
