0 0.91845703125 0.5052173913043478 0.1201171875 0.8017391304347826
0 0.041015625 0.19478260869565217 0.017578125 0.04173913043478261
0 0.197265625 0.2678260869565217 0.056640625 0.2782608695652174
0 0.2822265625 0.2539130434782609 0.0546875 0.10434782608695652
0 0.3564453125 0.2026086956521739 0.0234375 0.08521739130434783
0 0.3740234375 0.20434782608695654 0.048828125 0.07130434782608695
0 0.5283203125 0.16 0.015625 0.02434782608695652
0 0.53955078125 0.14695652173913043 0.0068359375 0.008695652173913044
0 0.5439453125 0.17217391304347826 0.01171875 0.04521739130434783
0 0.56298828125 0.1808695652173913 0.0185546875 0.04521739130434783
0 0.58349609375 0.17217391304347826 0.0205078125 0.06260869565217392
0 0.60205078125 0.18782608695652173 0.0107421875 0.03130434782608696
0 0.63232421875 0.19391304347826088 0.0302734375 0.07130434782608695
0 0.6455078125 0.16260869565217392 0.013671875 0.029565217391304348
0 0.65576171875 0.1826086956521739 0.0302734375 0.10782608695652174
0 0.66650390625 0.16 0.0068359375 0.02434782608695652
0 0.69140625 0.18347826086956523 0.03125 0.08521739130434783
0 0.701171875 0.16434782608695653 0.009765625 0.022608695652173914
0 0.71484375 0.19217391304347825 0.02734375 0.10608695652173913
0 0.72900390625 0.1782608695652174 0.0107421875 0.06782608695652174
0 0.73876953125 0.20347826086956522 0.0302734375 0.10782608695652174
0 0.767578125 0.21913043478260869 0.037109375 0.14608695652173914
0 0.787109375 0.15391304347826087 0.005859375 0.03304347826086956
0 0.7998046875 0.19304347826086957 0.02734375 0.08
0 0.8095703125 0.26521739130434785 0.033203125 0.09913043478260869
0 0.818359375 0.16434782608695653 0.0390625 0.1373913043478261
0 0.869140625 0.17217391304347826 0.013671875 0.09391304347826086
0 0.8837890625 0.19826086956521738 0.041015625 0.19478260869565217
0 0.8984375 0.13826086956521738 0.013671875 0.050434782608695654
0 0.978515625 0.14173913043478262 0.041015625 0.08521739130434783
0 0.98876953125 0.09652173913043478 0.0205078125 0.019130434782608695
1 0.1005859375 0.8913043478260869 0.201171875 0.21391304347826087
1 0.3564453125 0.6252173913043478 0.712890625 0.697391304347826
1 0.52001953125 0.44869565217391305 0.6376953125 0.41739130434782606
1 0.3974609375 0.23043478260869565 0.1015625 0.07478260869565218
1 0.62890625 0.2539130434782609 0.412109375 0.2539130434782609
