0 0.38525390625 0.8345481049562682 0.0556640625 0.19096209912536444
0 0.01416015625 0.3454810495626822 0.0224609375 0.061224489795918366
0 0.0322265625 0.31924198250728864 0.013671875 0.0641399416909621
0 0.0703125 0.29737609329446063 0.01953125 0.04664723032069971
0 0.11083984375 0.7004373177842566 0.0517578125 0.1326530612244898
0 0.16015625 0.2660349854227405 0.015625 0.05102040816326531
0 0.19287109375 0.6377551020408163 0.0400390625 0.12682215743440234
0 0.240234375 0.6005830903790087 0.03125 0.119533527696793
0 0.26611328125 0.5408163265306123 0.0166015625 0.09912536443148688
0 0.37890625 0.6173469387755102 0.037109375 0.12973760932944606
0 0.384765625 0.36151603498542273 0.013671875 0.0728862973760933
0 0.41552734375 0.3680758017492711 0.0224609375 0.0597667638483965
0 0.427734375 0.3206997084548105 0.01171875 0.04081632653061224
0 0.443359375 0.358600583090379 0.01953125 0.061224489795918366
0 0.537109375 0.6501457725947521 0.041015625 0.13702623906705538
0 0.57421875 0.3301749271137026 0.009765625 0.04227405247813411
0 0.59912109375 0.3294460641399417 0.0205078125 0.043731778425655975
0 0.61669921875 0.6625364431486881 0.0361328125 0.13556851311953352
0 0.6083984375 0.29008746355685133 0.009765625 0.037900874635568516
0 0.64013671875 0.6341107871720116 0.0244140625 0.13411078717201166
0 0.6669921875 0.6443148688046647 0.015625 0.13994169096209913
0 0.67578125 0.3622448979591837 0.01171875 0.04227405247813411
0 0.70263671875 0.6457725947521866 0.0361328125 0.13119533527696792
0 0.70068359375 0.37900874635568516 0.0185546875 0.07580174927113703
0 0.72216796875 0.7091836734693877 0.0439453125 0.14431486880466474
0 0.75 0.36005830903790087 0.015625 0.05830903790087463
0 0.771484375 0.3556851311953353 0.01171875 0.0641399416909621
0 0.80322265625 0.6501457725947521 0.0322265625 0.13994169096209913
1 0.4990234375 0.4511661807580175 0.171875 0.10058309037900874
1 0.4599609375 0.19606413994169097 0.0546875 0.030612244897959183
1 0.5419921875 0.20116618075801748 0.0546875 0.03498542274052478
1 0.8310546875 0.46282798833819244 0.173828125 0.09766763848396501
