1 0.51513671875 0.3722466960352423 0.1630859375 0.10719530102790015
0 0.3876953125 0.4955947136563877 0.115234375 0.2687224669603524
0 0.65771484375 0.3465491923641703 0.0341796875 0.0881057268722467
0 0.685546875 0.3465491923641703 0.02734375 0.08516886930983847
0 0.763671875 0.3568281938325991 0.052734375 0.13803230543318648
0 0.88427734375 0.3399412628487518 0.0302734375 0.0631424375917768
0 0.90380859375 0.3223201174743025 0.0205078125 0.01908957415565345
0 0.986328125 0.3575624082232012 0.01953125 0.08076358296622614
1 0.03271484375 0.4155653450807636 0.0654296875 0.1145374449339207
1 0.6787109375 0.35829662261380324 0.150390625 0.09397944199706314
1 0.9365234375 0.3619676945668135 0.1015625 0.08076358296622614
