1 0.919921875 0.6848958333333334 0.150390625 0.2604166666666667
0 0.01416015625 0.53515625 0.0166015625 0.044270833333333336
0 0.46875 0.5071614583333334 0.115234375 0.11588541666666667
0 0.6923828125 0.5110677083333334 0.0390625 0.05078125
0 0.8046875 0.5774739583333334 0.052734375 0.20963541666666666
0 0.85791015625 0.5670572916666666 0.0478515625 0.21223958333333334
0 0.89794921875 0.5423177083333334 0.0556640625 0.16536458333333334
0 0.9248046875 0.505859375 0.029296875 0.06901041666666667
0 0.943359375 0.5260416666666666 0.041015625 0.09375
0 0.96484375 0.5377604166666666 0.03125 0.049479166666666664
0 0.98681640625 0.5279947916666666 0.0244140625 0.053385416666666664
