0 0.33642578125 0.6848958333333334 0.0732421875 0.3072916666666667
1 0.05078125 0.7467447916666666 0.1015625 0.2565104166666667
0 0.0517578125 0.6282552083333334 0.083984375 0.09505208333333333
0 0.16796875 0.6985677083333334 0.0625 0.20703125
0 0.26513671875 0.7220052083333334 0.0458984375 0.22265625
0 0.49853515625 0.6653645833333334 0.0498046875 0.1015625
0 0.78564453125 0.7610677083333334 0.1005859375 0.24088541666666666
0 0.81640625 0.6354166666666666 0.07421875 0.14322916666666666
0 0.8779296875 0.7024739583333334 0.048828125 0.2799479166666667
0 0.92724609375 0.6640625 0.0400390625 0.11458333333333333
1 0.40966796875 0.7421875 0.2568359375 0.19791666666666666
1 0.54833984375 0.7389322916666666 0.1630859375 0.17838541666666666
