0 0.32080078125 0.7613469985358712 0.0654296875 0.17569546120058566
1 0.556640625 0.8206442166910688 0.126953125 0.20644216691068815
0 0.3486328125 0.7657393850658858 0.03515625 0.1903367496339678
0 0.43408203125 0.7240117130307467 0.0322265625 0.0746705710102489
0 0.4765625 0.8265007320644217 0.111328125 0.3440702781844802
0 0.58984375 0.7379209370424598 0.015625 0.032210834553440704
0 0.83203125 0.8484626647144948 0.099609375 0.3001464128843338
0 0.85546875 0.7540263543191801 0.0703125 0.15226939970717424
0 0.88525390625 0.8543191800878477 0.0732421875 0.2884333821376281
0 0.96923828125 0.7979502196193266 0.0439453125 0.1054172767203514
0 0.99365234375 0.821376281112738 0.0107421875 0.04685212298682284
1 0.54345703125 0.7371888726207906 0.0908203125 0.09224011713030747
1 0.59033203125 0.7481698389458272 0.0263671875 0.06734992679355783
1 0.6220703125 0.7642752562225475 0.05078125 0.0849194729136164
1 0.6669921875 0.7715959004392386 0.064453125 0.09663250366032211
1 0.70068359375 0.8001464128843339 0.0732421875 0.10688140556368961
1 0.73193359375 0.8206442166910688 0.0810546875 0.12152269399707175
1 0.86572265625 0.8528550512445096 0.2666015625 0.2708638360175695
