0 0.541015625 0.55 0.095703125 0.4
0 0.01611328125 0.50390625 0.0322265625 0.3609375
0 0.01611328125 0.46953125 0.0322265625 0.1015625
0 0.05908203125 0.4265625 0.0322265625 0.121875
0 0.08447265625 0.51796875 0.0634765625 0.3578125
0 0.3837890625 0.47890625 0.01953125 0.0828125
0 0.43994140625 0.5375 0.1025390625 0.44375
0 0.73681640625 0.49921875 0.2060546875 0.3328125
0 0.67724609375 0.4234375 0.0361328125 0.103125
0 0.95263671875 0.3703125 0.0908203125 0.153125
0 0.9697265625 0.41796875 0.05859375 0.2359375
1 0.06591796875 0.9390625 0.1318359375 0.11875
1 0.13330078125 0.4703125 0.2236328125 0.18125
1 0.271484375 0.4578125 0.103515625 0.15625
1 0.3466796875 0.48515625 0.052734375 0.0921875
1 0.36669921875 0.46484375 0.0673828125 0.0796875
1 0.67626953125 0.74296875 0.6455078125 0.5109375
1 0.81005859375 0.44296875 0.3779296875 0.4453125
