1 0.732421875 0.8667642752562226 0.21875 0.1698389458272328
0 0.0048828125 0.7935578330893118 0.009765625 0.03513909224011713
0 0.0205078125 0.8001464128843339 0.009765625 0.027818448023426062
0 0.08642578125 0.8199121522693997 0.0556640625 0.06734992679355783
0 0.1103515625 0.7825768667642753 0.013671875 0.03953147877013177
0 0.14306640625 0.780380673499268 0.0224609375 0.03806734992679356
0 0.224609375 0.7884333821376281 0.015625 0.036603221083455345
0 0.23828125 0.7796486090775988 0.015625 0.03074670571010249
0 0.29736328125 0.7218155197657394 0.0224609375 0.03806734992679356
0 0.39453125 0.7708638360175696 0.01171875 0.03953147877013177
0 0.48486328125 0.739385065885798 0.0185546875 0.02635431918008785
0 0.6611328125 0.6405563689604685 0.013671875 0.03367496339677892
0 0.6611328125 0.7320644216691069 0.013671875 0.032210834553440704
0 0.6884765625 0.7437774524158126 0.013671875 0.020497803806734993
0 0.77001953125 0.7342606149341142 0.0068359375 0.03953147877013177
0 0.89453125 0.8960468521229868 0.064453125 0.20497803806734993
0 0.94140625 0.8338213762811127 0.046875 0.10980966325036604
1 0.0859375 0.8235724743777453 0.171875 0.08345534407027819
1 0.16796875 0.91800878477306 0.3359375 0.16105417276720352
1 0.18505859375 0.8140556368960469 0.1142578125 0.055636896046852125
1 0.54296875 0.9385065885797951 0.5625 0.12005856515373353
1 0.43115234375 0.8653001464128843 0.3212890625 0.12298682284040996
1 0.51953125 0.8330893118594437 0.29296875 0.18740849194729137
