0 0.23095703125 0.5241581259150805 0.0810546875 0.3308931185944363
0 0.0380859375 0.7818448023426061 0.076171875 0.43045387994143486
0 0.22021484375 0.4062957540263543 0.0322265625 0.09224011713030747
0 0.30078125 0.43997071742313326 0.025390625 0.11273792093704246
0 0.3369140625 0.445095168374817 0.03515625 0.13469985358711567
0 0.39599609375 0.5226939970717424 0.0888671875 0.2781844802342606
0 0.373046875 0.41142020497803805 0.03125 0.06734992679355783
0 0.4541015625 0.41800878477306 0.025390625 0.05710102489019034
0 0.490234375 0.404099560761347 0.01171875 0.032210834553440704
0 0.69873046875 0.513909224011713 0.0556640625 0.2342606149341142
0 0.72509765625 0.4377745241581259 0.0322265625 0.09077598828696926
0 0.76953125 0.4773060029282577 0.048828125 0.17569546120058566
0 0.83837890625 0.47291361639824303 0.0537109375 0.16691068814055637
0 0.88037109375 0.48316251830161056 0.0498046875 0.18448023426061494
0 0.92041015625 0.47364568081991215 0.0439453125 0.1683748169838946
0 0.97509765625 0.5300146412884333 0.0478515625 0.28989751098096633
1 0.556640625 0.46412884333821375 0.232421875 0.12298682284040996
