0 0.013671875 0.5669117647058823 0.02734375 0.5691176470588235
0 0.04736328125 0.5477941176470589 0.0947265625 0.4573529411764706
0 0.07958984375 0.524264705882353 0.0693359375 0.39558823529411763
0 0.1435546875 0.36911764705882355 0.09375 0.17352941176470588
0 0.1826171875 0.3551470588235294 0.07421875 0.17794117647058824
0 0.25 0.3492647058823529 0.0703125 0.125
0 0.30224609375 0.3338235294117647 0.0576171875 0.10588235294117647
0 0.35546875 0.31176470588235294 0.044921875 0.09705882352941177
0 0.39306640625 0.3176470588235294 0.0322265625 0.07941176470588235
0 0.41748046875 0.3139705882352941 0.0380859375 0.06323529411764706
0 0.43896484375 0.3191176470588235 0.0126953125 0.03529411764705882
0 0.4677734375 0.31323529411764706 0.033203125 0.047058823529411764
0 0.49853515625 0.31176470588235294 0.0244140625 0.05
0 0.55224609375 0.4985294117647059 0.1162109375 0.6529411764705882
0 0.51513671875 0.24558823529411763 0.0205078125 0.03823529411764706
0 0.5439453125 0.24485294117647058 0.033203125 0.075
0 0.67724609375 0.513235294117647 0.1357421875 0.6323529411764706
0 0.767578125 0.3639705882352941 0.078125 0.19558823529411765
0 0.83349609375 0.3573529411764706 0.0693359375 0.21176470588235294
0 0.8896484375 0.375 0.060546875 0.2323529411764706
0 0.9287109375 0.45441176470588235 0.060546875 0.34705882352941175
0 0.95751953125 0.4536764705882353 0.0517578125 0.36911764705882355
0 0.98095703125 0.4514705882352941 0.0361328125 0.4
1 0.51171875 0.5727941176470588 0.849609375 0.47794117647058826
