0 0.1103515625 0.8776041666666666 0.08203125 0.19791666666666666
0 0.10009765625 0.8678385416666666 0.0478515625 0.15755208333333334
0 0.13330078125 0.87890625 0.0771484375 0.19010416666666666
0 0.162109375 0.8619791666666666 0.052734375 0.16666666666666666
0 0.21142578125 0.8658854166666666 0.0654296875 0.16927083333333334
0 0.22900390625 0.86328125 0.0283203125 0.15625
0 0.2412109375 0.828125 0.037109375 0.09895833333333333
0 0.25244140625 0.8815104166666666 0.0107421875 0.033854166666666664
0 0.28955078125 0.8658854166666666 0.0419921875 0.203125
0 0.33203125 0.8919270833333334 0.048828125 0.14583333333333334
0 0.3720703125 0.8736979166666666 0.07421875 0.23958333333333334
0 0.384765625 0.8782552083333334 0.07421875 0.19921875
0 0.41650390625 0.830078125 0.0263671875 0.12109375
0 0.45947265625 0.873046875 0.0791015625 0.19661458333333334
0 0.4482421875 0.8626302083333334 0.041015625 0.18619791666666666
0 0.4697265625 0.837890625 0.02734375 0.13932291666666666
0 0.49853515625 0.8834635416666666 0.0791015625 0.20963541666666666
0 0.521484375 0.8248697916666666 0.02734375 0.053385416666666664
0 0.5546875 0.8723958333333334 0.033203125 0.19270833333333334
0 0.56005859375 0.8736979166666666 0.0166015625 0.17708333333333334
0 0.5771484375 0.8619791666666666 0.017578125 0.11458333333333333
0 0.62890625 0.8893229166666666 0.060546875 0.15625
0 0.669921875 0.873046875 0.0703125 0.17838541666666666
0 0.7783203125 0.8372395833333334 0.044921875 0.11197916666666667
0 0.77978515625 0.8463541666666666 0.0322265625 0.08854166666666667
0 0.8076171875 0.8326822916666666 0.025390625 0.10807291666666667
0 0.8369140625 0.8287760416666666 0.041015625 0.10546875
0 0.857421875 0.8352864583333334 0.02734375 0.08723958333333333
0 0.9453125 0.8190104166666666 0.0234375 0.078125
0 0.958984375 0.8059895833333334 0.01171875 0.0390625
1 0.861328125 0.8912760416666666 0.275390625 0.21484375
