0 0.00634765625 0.4363103953147877 0.0126953125 0.06149341142020498
0 0.02099609375 0.7086383601756955 0.0419921875 0.42752562225475843
0 0.06689453125 0.45314787701317716 0.0205078125 0.0629575402635432
0 0.15771484375 0.5863836017569546 0.0830078125 0.37042459736456806
0 0.25830078125 0.5724743777452416 0.0908203125 0.38945827232796487
0 0.2861328125 0.4780380673499268 0.017578125 0.08052708638360176
0 0.30615234375 0.48316251830161056 0.0283203125 0.10248901903367497
0 0.35791015625 0.5153733528550513 0.0419921875 0.17862371888726208
0 0.43701171875 0.5212298682284041 0.0537109375 0.18740849194729137
0 0.55322265625 0.6896046852122987 0.1494140625 0.6178623718887262
0 0.9150390625 0.2240117130307467 0.025390625 0.040995607613469986
0 0.96337890625 0.5373352855051244 0.0712890625 0.16105417276720352
0 0.94921875 0.2144948755490483 0.02734375 0.04538799414348463
0 0.98193359375 0.5344070278184481 0.0341796875 0.13177159590043924
1 0.02197265625 0.4670571010248902 0.0380859375 0.017569546120058566
1 0.02392578125 0.4780380673499268 0.0419921875 0.0424597364568082
1 0.0244140625 0.45534407027818447 0.04296875 0.04978038067349927
1 0.04638671875 0.44363103953147875 0.0615234375 0.04978038067349927
1 0.181640625 0.45095168374816985 0.015625 0.03513909224011713
1 0.29296875 0.4472913616398243 0.025390625 0.027818448023426062
1 0.337890625 0.4773060029282577 0.072265625 0.09370424597364568
1 0.55859375 0.5080527086383602 0.2109375 0.12884333821376281
1 0.7919921875 0.7415812591508053 0.4140625 0.513909224011713
