1 0.9443359375 0.62109375 0.099609375 0.234375
0 0.021484375 0.5930989583333334 0.04296875 0.18359375
0 0.11328125 0.5833333333333334 0.05078125 0.17708333333333334
0 0.15576171875 0.5598958333333334 0.0419921875 0.16666666666666666
0 0.2548828125 0.4908854166666667 0.03125 0.0625
0 0.48779296875 0.4388020833333333 0.0751953125 0.140625
0 0.705078125 0.5143229166666666 0.044921875 0.07552083333333333
0 0.7783203125 0.5416666666666666 0.03125 0.1015625
0 0.837890625 0.5423177083333334 0.03125 0.10807291666666667
0 0.87451171875 0.537109375 0.0322265625 0.11328125
1 0.03857421875 0.5091145833333334 0.0224609375 0.026041666666666668
1 0.091796875 0.51171875 0.021484375 0.020833333333333332
