1 0.244140625 0.8579795021961932 0.2109375 0.18740849194729137
0 0.123046875 0.8879941434846267 0.080078125 0.22108345534407028
0 0.16552734375 0.8755490483162518 0.0634765625 0.1903367496339678
0 0.580078125 0.5556368960468521 0.134765625 0.5519765739385066
0 0.52734375 0.7913616398243045 0.021484375 0.08931185944363104
0 0.56494140625 0.7986822840409956 0.0341796875 0.09809663250366032
0 0.66552734375 0.8162518301610542 0.0302734375 0.09809663250366032
0 0.6767578125 0.8279648609077599 0.021484375 0.05417276720351391
0 0.69482421875 0.8103953147877013 0.0263671875 0.10395314787701318
0 0.7724609375 0.8103953147877013 0.029296875 0.12152269399707175
0 0.78955078125 0.8074670571010248 0.0244140625 0.11566617862371889
1 0.025390625 0.8177159590043924 0.048828125 0.10688140556368961
1 0.9130859375 0.7562225475841874 0.052734375 0.06881405563689605
1 0.927734375 0.7306002928257687 0.044921875 0.055636896046852125
1 0.98486328125 0.8038067349926794 0.0283203125 0.15226939970717424
