0 0.15625 0.5464601769911505 0.078125 0.39085545722713866
1 0.81005859375 0.5656342182890856 0.3779296875 0.36430678466076694
0 0.05712890625 0.47640117994100295 0.0732421875 0.22123893805309736
0 0.10595703125 0.4579646017699115 0.0556640625 0.20206489675516223
0 0.228515625 0.4749262536873156 0.044921875 0.24188790560471976
0 0.27392578125 0.4690265486725664 0.0341796875 0.23008849557522124
0 0.3427734375 0.5663716814159292 0.123046875 0.4690265486725664
0 0.43017578125 0.5435103244837758 0.1650390625 0.6032448377581121
0 0.5654296875 0.5294985250737463 0.06640625 0.3215339233038348
0 0.8369140625 0.41150442477876104 0.05078125 0.20058997050147492
0 0.8779296875 0.41519174041297935 0.048828125 0.18436578171091444
0 0.9833984375 0.3495575221238938 0.03125 0.09144542772861357
1 0.21337890625 0.471976401179941 0.2021484375 0.20943952802359883
