0 0.03759765625 0.6054376657824934 0.0751953125 0.09681697612732096
0 0.14404296875 0.48209549071618035 0.0400390625 0.14721485411140584
0 0.23779296875 0.4535809018567639 0.0380859375 0.09814323607427056
0 0.27734375 0.41312997347480107 0.025390625 0.05172413793103448
0 0.4033203125 0.6359416445623343 0.07421875 0.3541114058355438
0 0.6748046875 0.6611405835543767 0.087890625 0.3885941644562334
0 0.6787109375 0.47015915119363394 0.0390625 0.09946949602122016
0 0.9453125 0.4588859416445623 0.046875 0.10610079575596817
1 0.09521484375 0.4270557029177719 0.1533203125 0.0610079575596817
1 0.22314453125 0.45689655172413796 0.1669921875 0.09681697612732096
1 0.2529296875 0.42374005305039786 0.09765625 0.046419098143236075
1 0.70703125 0.47214854111405835 0.23046875 0.11936339522546419
