0 0.92578125 0.8333333333333334 0.060546875 0.24739583333333334
0 0.814453125 0.82421875 0.05859375 0.2109375
0 0.85888671875 0.8313802083333334 0.0771484375 0.23828125
1 0.14013671875 0.89453125 0.2392578125 0.20833333333333334
1 0.228515625 0.8776041666666666 0.40234375 0.234375
1 0.35693359375 0.8606770833333334 0.2705078125 0.19010416666666666
1 0.46484375 0.8502604166666666 0.33984375 0.19270833333333334
1 0.6640625 0.8365885416666666 0.279296875 0.16536458333333334
1 0.841796875 0.80859375 0.314453125 0.1328125
1 0.96728515625 0.7734375 0.0615234375 0.0625
