1 0.7434895833333334 0.6171875 0.3411458333333333 0.19921875
0 0.4505208333333333 0.05908203125 0.1640625 0.1181640625
0 0.8899739583333334 0.08984375 0.14973958333333334 0.1796875
1 0.11393229166666667 0.3505859375 0.08984375 0.060546875
1 0.21158854166666666 0.5751953125 0.2825520833333333 0.150390625
1 0.265625 0.33203125 0.1015625 0.056640625
1 0.296875 0.3095703125 0.09375 0.052734375
1 0.3541666666666667 0.39208984375 0.203125 0.0869140625
1 0.3619791666666667 0.470703125 0.20572916666666666 0.095703125
1 0.3990885416666667 0.32666015625 0.09505208333333333 0.0654296875
1 0.412109375 0.28173828125 0.10026041666666667 0.0263671875
1 0.6783854166666666 0.49609375 0.2734375 0.125
1 0.669921875 0.43994140625 0.20963541666666666 0.1044921875
1 0.6432291666666666 0.36181640625 0.1015625 0.0615234375
1 0.9069010416666666 0.6064453125 0.18359375 0.16796875
1 0.9641927083333334 0.50537109375 0.06901041666666667 0.0751953125
