0 0.6328125 0.4021897810218978 0.1171875 0.310948905109489
0 0.05712890625 0.5562043795620438 0.0791015625 0.39416058394160586
0 0.0908203125 0.34963503649635036 0.146484375 0.30802919708029197
0 0.2001953125 0.3656934306569343 0.109375 0.2759124087591241
0 0.25048828125 0.5218978102189781 0.1943359375 0.3781021897810219
0 0.37060546875 0.4467153284671533 0.1982421875 0.27153284671532846
0 0.46435546875 0.8737226277372263 0.1083984375 0.1416058394160584
0 0.50048828125 0.39343065693430657 0.1103515625 0.25547445255474455
0 0.5 0.5605839416058395 0.07421875 0.07883211678832117
0 0.69775390625 0.4927007299270073 0.2001953125 0.2846715328467153
0 0.76123046875 0.4985401459854015 0.1318359375 0.23503649635036497
0 0.84521484375 0.4474452554744526 0.1552734375 0.4948905109489051
0 0.92138671875 0.4744525547445255 0.1220703125 0.4408759124087591
0 0.97265625 0.46204379562043796 0.021484375 0.5416058394160584
1 0.49755859375 0.6656934306569343 0.6064453125 0.5109489051094891
