0 0.89501953125 0.7439236111111112 0.2080078125 0.5086805555555556
0 0.03369140625 0.5920138888888888 0.0361328125 0.1597222222222222
0 0.04248046875 0.4001736111111111 0.0244140625 0.171875
0 0.06298828125 0.4427083333333333 0.0341796875 0.11458333333333333
0 0.0859375 0.3897569444444444 0.052734375 0.1440972222222222
0 0.10888671875 0.3576388888888889 0.0302734375 0.0625
0 0.134765625 0.3350694444444444 0.021484375 0.09027777777777778
0 0.16796875 0.2925347222222222 0.0234375 0.08506944444444445
0 0.1962890625 0.2560763888888889 0.033203125 0.0920138888888889
0 0.2197265625 0.2560763888888889 0.025390625 0.07118055555555555
1 0.033203125 0.2786458333333333 0.06640625 0.1753472222222222
1 0.47900390625 0.5112847222222222 0.8837890625 0.9739583333333334
1 0.095703125 0.13368055555555555 0.068359375 0.09722222222222222
