0 0.27783203125 0.2949852507374631 0.0869140625 0.25663716814159293
1 0.50830078125 0.5730088495575221 0.9345703125 0.5707964601769911
0 0.03125 0.3466076696165192 0.0625 0.26843657817109146
0 0.10302734375 0.334070796460177 0.0810546875 0.252212389380531
0 0.17333984375 0.336283185840708 0.0654296875 0.23008849557522124
0 0.21435546875 0.32448377581120946 0.0478515625 0.2448377581120944
0 0.37109375 0.2883480825958702 0.0703125 0.2374631268436578
0 0.42578125 0.2831858407079646 0.029296875 0.1504424778761062
0 0.46533203125 0.2750737463126844 0.0361328125 0.13126843657817108
0 0.576171875 0.26548672566371684 0.06640625 0.1504424778761062
0 0.6142578125 0.27876106194690264 0.060546875 0.12389380530973451
0 0.87060546875 0.30678466076696165 0.0458984375 0.14749262536873156
0 0.92041015625 0.2949852507374631 0.0517578125 0.1592920353982301
0 0.962890625 0.3495575221238938 0.072265625 0.2920353982300885
1 0.6767578125 0.2743362831858407 0.138671875 0.11504424778761062
1 0.6962890625 0.18289085545722714 0.087890625 0.12979351032448377
