0 0.001953125 0.6333333333333333 0.00390625 0.04057971014492753
0 0.013671875 0.6376811594202898 0.0078125 0.04927536231884058
0 0.10205078125 0.6405797101449275 0.0322265625 0.09855072463768116
0 0.15673828125 0.6304347826086957 0.0673828125 0.11884057971014493
0 0.21728515625 0.644927536231884 0.0224609375 0.0782608695652174
0 0.26318359375 0.6420289855072464 0.0595703125 0.11884057971014493
0 0.2421875 0.6130434782608696 0.01171875 0.028985507246376812
0 0.30126953125 0.6471014492753623 0.0419921875 0.12028985507246377
0 0.333984375 0.6746376811594202 0.03515625 0.12318840579710146
0 0.37255859375 0.6985507246376812 0.0654296875 0.1855072463768116
0 0.40478515625 0.6471014492753623 0.0263671875 0.11159420289855072
0 0.41796875 0.7028985507246377 0.04296875 0.20869565217391303
0 0.46337890625 0.6550724637681159 0.0263671875 0.12753623188405797
0 0.5380859375 0.7137681159420289 0.09765625 0.2565217391304348
0 0.5107421875 0.6181159420289855 0.013671875 0.04492753623188406
0 0.55224609375 0.6992753623188406 0.0380859375 0.19855072463768117
0 0.59228515625 0.7326086956521739 0.0771484375 0.34347826086956523
0 0.62060546875 0.6420289855072464 0.0263671875 0.08405797101449275
0 0.67138671875 0.722463768115942 0.1103515625 0.2942028985507246
0 0.685546875 0.6840579710144927 0.087890625 0.2811594202898551
0 0.751953125 0.6384057971014493 0.0078125 0.05652173913043478
0 0.76611328125 0.6347826086956522 0.0126953125 0.043478260869565216
0 0.82861328125 0.7086956521739131 0.1005859375 0.3130434782608696
0 0.85009765625 0.6971014492753623 0.0673828125 0.3072463768115942
0 0.87255859375 0.6427536231884058 0.0068359375 0.08840579710144927
0 0.9033203125 0.6282608695652174 0.025390625 0.059420289855072465
0 0.92041015625 0.6072463768115942 0.0126953125 0.03188405797101449
0 0.95751953125 0.7108695652173913 0.0830078125 0.3
1 0.22314453125 0.8449275362318841 0.4462890625 0.3072463768115942
1 0.20166015625 0.644927536231884 0.0712890625 0.057971014492753624
