0 0.2041387024608501 0.7275390625 0.3187919463087248 0.181640625
1 0.5827740492170023 0.98095703125 0.48322147651006714 0.0361328125
1 0.7343400447427293 0.9609375 0.34116331096196867 0.076171875
1 0.6370246085011185 0.81982421875 0.07046979865771812 0.0400390625
1 0.7046979865771812 0.83935546875 0.08501118568232663 0.0517578125
1 0.8087248322147651 0.95068359375 0.2930648769574944 0.0966796875
1 0.7690156599552572 0.859375 0.0436241610738255 0.06640625
1 0.8316554809843401 0.7451171875 0.025727069351230425 0.025390625
1 0.8970917225950783 0.70703125 0.10067114093959731 0.060546875
1 0.8797539149888143 0.7607421875 0.04586129753914989 0.041015625
1 0.9390380313199105 0.75927734375 0.04586129753914989 0.0302734375
