1 0.5009765625 0.5026041666666666 0.9375 0.6875
0 0.49267578125 0.255859375 0.0849609375 0.11848958333333333
0 0.54150390625 0.2565104166666667 0.0908203125 0.1171875
0 0.720703125 0.12955729166666666 0.05859375 0.13671875
0 0.7724609375 0.14713541666666666 0.044921875 0.15885416666666666
0 0.8681640625 0.2604166666666667 0.169921875 0.2421875
0 0.8623046875 0.12109375 0.03515625 0.10677083333333333
0 0.88671875 0.11263020833333333 0.033203125 0.07161458333333333
0 0.982421875 0.16080729166666666 0.033203125 0.14453125
1 0.80322265625 0.322265625 0.3916015625 0.44140625
