0 0.17724609375 0.8039647577092511 0.1142578125 0.34801762114537443
0 0.021484375 0.8223201174743024 0.04296875 0.3524229074889868
0 0.0478515625 0.7599118942731278 0.03515625 0.15418502202643172
0 0.361328125 0.6681350954478708 0.029296875 0.06461086637298091
0 0.8212890625 0.8318649045521292 0.185546875 0.3333333333333333
0 0.84619140625 0.7011747430249633 0.2099609375 0.5653450807635829
0 0.93408203125 0.8303964757709251 0.1298828125 0.33627019089574156
1 0.248046875 0.7165932452276065 0.05859375 0.049926578560939794
1 0.39501953125 0.842143906020558 0.3115234375 0.31277533039647576
1 0.62939453125 0.762114537444934 0.2138671875 0.2643171806167401
