0 0.134765625 0.5095588235294117 0.01953125 0.0838235294117647
0 0.15185546875 0.5080882352941176 0.0185546875 0.07205882352941176
0 0.2724609375 0.5147058823529411 0.130859375 0.40588235294117647
0 0.4189453125 0.5058823529411764 0.125 0.38529411764705884
0 0.4794921875 0.5125 0.03515625 0.16911764705882354
0 0.55078125 0.5014705882352941 0.0234375 0.2
0 0.57666015625 0.5220588235294118 0.0126953125 0.04411764705882353
0 0.61181640625 0.49558823529411766 0.0361328125 0.18529411764705883
0 0.6494140625 0.4933823529411765 0.044921875 0.22205882352941175
0 0.7548828125 0.525 0.015625 0.03235294117647059
0 0.787109375 0.5294117647058824 0.021484375 0.03529411764705882
0 0.896484375 0.5338235294117647 0.01171875 0.026470588235294117
0 0.908203125 0.5323529411764706 0.01171875 0.03529411764705882
0 0.96630859375 0.5088235294117647 0.0205078125 0.05
1 0.068359375 0.5147058823529411 0.13671875 0.14705882352941177
