0 0.4365234375 0.8671875 0.056640625 0.23177083333333334
1 0.78125 0.8489583333333334 0.13671875 0.13020833333333334
0 0.48046875 0.5169270833333334 0.177734375 0.2109375
0 0.4970703125 0.7766927083333334 0.01953125 0.10546875
0 0.5439453125 0.7727864583333334 0.01953125 0.08463541666666667
0 0.5673828125 0.7721354166666666 0.0234375 0.08333333333333333
0 0.60546875 0.8522135416666666 0.05078125 0.19140625
0 0.607421875 0.748046875 0.015625 0.04296875
0 0.62841796875 0.7747395833333334 0.0166015625 0.08072916666666667
0 0.6826171875 0.8424479166666666 0.064453125 0.20052083333333334
