0 0.68115234375 0.41654465592972184 0.0693359375 0.18594436310395315
1 0.26513671875 0.6449487554904831 0.4990234375 0.6046852122986823
1 0.259765625 0.4143484626647145 0.009765625 0.029282576866764276
1 0.2802734375 0.410688140556369 0.0390625 0.03367496339677892
1 0.3134765625 0.40995607613469986 0.0390625 0.03806734992679356
1 0.3486328125 0.40775988286969256 0.044921875 0.03074670571010249
1 0.40185546875 0.40775988286969256 0.0185546875 0.027818448023426062
1 0.45849609375 0.4055636896046852 0.0146484375 0.029282576866764276
1 0.57421875 0.40483162518301613 0.0625 0.03953147877013177
1 0.61474609375 0.40775988286969256 0.0205078125 0.03953147877013177
1 0.62841796875 0.404099560761347 0.0283203125 0.02635431918008785
1 0.6318359375 0.38945827232796487 0.029296875 0.017569546120058566
1 0.7333984375 0.40483162518301613 0.083984375 0.05124450951683748
1 0.759765625 0.38945827232796487 0.044921875 0.03513909224011713
