1 0.10888671875 0.616448326055313 0.1806640625 0.15574963609898107
0 0.21728515625 0.5385735080058224 0.0126953125 0.05240174672489083
0 0.74169921875 0.7190684133915575 0.0947265625 0.264919941775837
1 0.029296875 0.6098981077147017 0.05859375 0.11353711790393013
1 0.12451171875 0.5669577874818049 0.1298828125 0.06259097525473072
1 0.2626953125 0.5815138282387191 0.09765625 0.0975254730713246
1 0.2802734375 0.5262008733624454 0.06640625 0.050946142649199416
1 0.34716796875 0.5589519650655022 0.0732421875 0.07278020378457059
1 0.34326171875 0.5131004366812227 0.0498046875 0.024745269286754003
1 0.4033203125 0.5305676855895196 0.060546875 0.06550218340611354
1 0.4443359375 0.5160116448326055 0.037109375 0.039301310043668124
1 0.4716796875 0.5131004366812227 0.0234375 0.036390101892285295
1 0.572265625 0.48398835516739447 0.0078125 0.013100436681222707
1 0.7265625 0.5101892285298398 0.013671875 0.024745269286754003
1 0.74267578125 0.5145560407569141 0.0283203125 0.024745269286754003
1 0.8125 0.5240174672489083 0.017578125 0.03784570596797671
1 0.89697265625 0.5502183406113537 0.0732421875 0.055312954876273655
