1 0.85888671875 0.3557833089311859 0.2802734375 0.2752562225475842
0 0.16015625 0.2957540263543192 0.099609375 0.3484626647144949
0 0.22265625 0.25988286969253294 0.095703125 0.23572474377745242
0 0.3291015625 0.21522693997071743 0.03515625 0.043923865300146414
0 0.45556640625 0.07247437774524158 0.0263671875 0.14202049780380674
0 0.48291015625 0.04172767203513909 0.0107421875 0.05124450951683748
0 0.49658203125 0.04538799414348463 0.0166015625 0.0527086383601757
0 0.5087890625 0.08199121522693997 0.013671875 0.12298682284040996
0 0.5234375 0.08125915080527087 0.01171875 0.10688140556368961
0 0.5341796875 0.24816983894582723 0.015625 0.03367496339677892
0 0.552734375 0.2335285505124451 0.05078125 0.12152269399707175
0 0.54541015625 0.09077598828696926 0.0224609375 0.12005856515373353
0 0.59033203125 0.23572474377745242 0.0302734375 0.07320644216691069
0 0.5947265625 0.10907759882869693 0.021484375 0.10395314787701318
0 0.791015625 0.24377745241581258 0.037109375 0.09224011713030747
0 0.82177734375 0.23133235724743778 0.0419921875 0.09370424597364568
0 0.869140625 0.22767203513909223 0.03125 0.060029282576866766
0 0.978515625 0.20717423133235724 0.0234375 0.03074670571010249
1 0.4873046875 0.5007320644216691 0.779296875 0.5124450951683748
1 0.451171875 0.09882869692532943 0.04296875 0.07759882869692533
1 0.505859375 0.10980966325036604 0.064453125 0.055636896046852125
1 0.56103515625 0.1259150805270864 0.0263671875 0.07613469985358712
1 0.57861328125 0.14568081991215226 0.0146484375 0.03074670571010249
