1 0.099609375 0.8647058823529412 0.19921875 0.2529411764705882
0 0.0615234375 0.736764705882353 0.033203125 0.09705882352941177
0 0.07470703125 0.7382352941176471 0.0283203125 0.11176470588235295
0 0.10498046875 0.7610294117647058 0.0244140625 0.07794117647058824
0 0.12841796875 0.7477941176470588 0.0693359375 0.12794117647058822
0 0.1552734375 0.7661764705882353 0.041015625 0.12941176470588237
0 0.19873046875 0.7955882352941176 0.0341796875 0.14705882352941177
0 0.24609375 0.7779411764705882 0.021484375 0.16176470588235295
0 0.43359375 0.7470588235294118 0.013671875 0.07647058823529412
0 0.45263671875 0.7433823529411765 0.0283203125 0.057352941176470586
0 0.64453125 0.7389705882352942 0.0234375 0.07794117647058824
0 0.65576171875 0.75 0.0244140625 0.11176470588235295
0 0.66943359375 0.7433823529411765 0.0185546875 0.07205882352941176
0 0.68505859375 0.7617647058823529 0.0302734375 0.08823529411764706
0 0.69189453125 0.7419117647058824 0.0224609375 0.08088235294117647
0 0.71630859375 0.7463235294117647 0.0263671875 0.11323529411764706
0 0.74560546875 0.7661764705882353 0.0537109375 0.17647058823529413
0 0.78955078125 0.8242647058823529 0.0634765625 0.23676470588235293
0 0.82763671875 0.8169117647058823 0.0634765625 0.25441176470588234
1 0.5576171875 0.725 0.021484375 0.03235294117647059
1 0.6083984375 0.7551470588235294 0.076171875 0.1338235294117647
1 0.98291015625 0.7507352941176471 0.0322265625 0.16323529411764706
