0 0.04833984375 0.09895833333333333 0.0615234375 0.19791666666666666
0 0.10888671875 0.099609375 0.0693359375 0.19921875
0 0.12841796875 0.049479166666666664 0.0185546875 0.044270833333333336
0 0.1513671875 0.059895833333333336 0.052734375 0.06510416666666667
0 0.17529296875 0.055989583333333336 0.0341796875 0.08072916666666667
0 0.4609375 0.375 0.150390625 0.390625
0 0.68994140625 0.4010416666666667 0.2080078125 0.4895833333333333
0 0.84765625 0.4466145833333333 0.013671875 0.0703125
0 0.92236328125 0.51953125 0.0498046875 0.1640625
1 0.9794921875 0.4680989583333333 0.0390625 0.07682291666666667
