0 0.1474609375 0.49772727272727274 0.1328125 0.6621212121212121
0 0.18896484375 0.36818181818181817 0.0419921875 0.29393939393939394
0 0.27978515625 0.49166666666666664 0.0986328125 0.24393939393939393
0 0.365234375 0.6174242424242424 0.109375 0.23787878787878788
0 0.41552734375 0.42272727272727273 0.0888671875 0.32727272727272727
0 0.4638671875 0.6446969696969697 0.13671875 0.2924242424242424
0 0.4658203125 0.45606060606060606 0.048828125 0.12424242424242424
0 0.5 0.5462121212121213 0.078125 0.18333333333333332
0 0.5712890625 0.5113636363636364 0.064453125 0.23484848484848486
0 0.68896484375 0.7083333333333334 0.1591796875 0.3712121212121212
0 0.69970703125 0.5022727272727273 0.1025390625 0.20454545454545456
0 0.7587890625 0.5446969696969697 0.056640625 0.11969696969696969
0 0.794921875 0.6742424242424242 0.10546875 0.3787878787878788
1 0.029296875 0.3378787878787879 0.05859375 0.10606060606060606
1 0.064453125 0.3325757575757576 0.109375 0.1409090909090909
