0 0.08984375 0.1282991202346041 0.091796875 0.2565982404692082
0 0.1689453125 0.09310850439882698 0.091796875 0.18621700879765396
0 0.31884765625 0.0373900293255132 0.0693359375 0.0747800586510264
0 0.6416015625 0.06378299120234604 0.05859375 0.12756598240469208
0 0.75244140625 0.11950146627565983 0.0888671875 0.23900293255131966
0 0.82275390625 0.15835777126099707 0.0556640625 0.31671554252199413
0 0.921875 0.11363636363636363 0.076171875 0.22727272727272727
0 0.978515625 0.10483870967741936 0.041015625 0.20967741935483872
1 0.107421875 0.10117302052785923 0.21484375 0.1348973607038123
1 0.50146484375 0.3907624633431085 0.9658203125 0.7639296187683284
1 0.40380859375 0.15249266862170088 0.4326171875 0.04985337243401759
1 0.33642578125 0.03225806451612903 0.2607421875 0.06451612903225806
