0 0.044921875 0.8014322916666666 0.08984375 0.3919270833333333
0 0.04052734375 0.6256510416666666 0.0498046875 0.08203125
0 0.1455078125 0.6256510416666666 0.0234375 0.18619791666666666
0 0.15966796875 0.63671875 0.0419921875 0.203125
0 0.189453125 0.6015625 0.01953125 0.11979166666666667
0 0.20361328125 0.5794270833333334 0.0146484375 0.06770833333333333
0 0.212890625 0.5911458333333334 0.013671875 0.0703125
0 0.236328125 0.5794270833333334 0.01171875 0.03125
0 0.265625 0.6197916666666666 0.03125 0.08333333333333333
0 0.4072265625 0.640625 0.046875 0.10416666666666667
0 0.45703125 0.580078125 0.015625 0.05859375
0 0.59130859375 0.5768229166666666 0.0107421875 0.033854166666666664
0 0.93408203125 0.7434895833333334 0.1279296875 0.2630208333333333
0 0.9892578125 0.673828125 0.017578125 0.22265625
1 0.2275390625 0.580078125 0.05859375 0.048177083333333336
1 0.33837890625 0.6432291666666666 0.1064453125 0.1171875
1 0.31787109375 0.6067708333333334 0.0595703125 0.06770833333333333
1 0.3408203125 0.5670572916666666 0.044921875 0.022135416666666668
1 0.62451171875 0.7955729166666666 0.5126953125 0.4036458333333333
