0 0.23779296875 0.8309659090909091 0.0791015625 0.21306818181818182
0 0.271484375 0.8210227272727273 0.05078125 0.23011363636363635
0 0.4169921875 0.8657670454545454 0.099609375 0.24573863636363635
0 0.455078125 0.828125 0.064453125 0.18181818181818182
0 0.52685546875 0.7258522727272727 0.0478515625 0.13636363636363635
0 0.548828125 0.8799715909090909 0.091796875 0.171875
0 0.54833984375 0.6569602272727273 0.0244140625 0.05823863636363636
0 0.56689453125 0.6917613636363636 0.0400390625 0.13636363636363635
0 0.6123046875 0.9254261363636364 0.099609375 0.1434659090909091
0 0.83642578125 0.7521306818181818 0.0810546875 0.18607954545454544
0 0.88671875 0.8110795454545454 0.072265625 0.15056818181818182
0 0.93017578125 0.6740056818181818 0.0419921875 0.12357954545454546
0 0.94677734375 0.7088068181818182 0.0576171875 0.11079545454545454
0 0.982421875 0.6747159090909091 0.03125 0.1278409090909091
1 0.08203125 0.9339488636363636 0.1640625 0.12642045454545456
