0 0.31201171875 0.3453079178885631 0.1591796875 0.1217008797653959
0 0.4169921875 0.1774193548387097 0.05078125 0.1348973607038123
0 0.431640625 0.31671554252199413 0.05859375 0.07917888563049853
0 0.46728515625 0.23093841642228738 0.0224609375 0.039589442815249266
0 0.5078125 0.2602639296187683 0.048828125 0.0718475073313783
0 0.58251953125 0.15469208211143695 0.0380859375 0.12756598240469208
0 0.62841796875 0.3592375366568915 0.0732421875 0.09970674486803519
0 0.63720703125 0.2969208211143695 0.0556640625 0.13929618768328444
0 0.70556640625 0.2991202346041056 0.0771484375 0.2316715542521994
1 0.4697265625 0.38563049853372433 0.7890625 0.7712609970674487
