0 0.06591796875 0.16913746630727763 0.0361328125 0.02830188679245283
0 0.06005859375 0.16442048517520216 0.0205078125 0.0431266846361186
0 0.09130859375 0.1752021563342318 0.0166015625 0.0215633423180593
0 0.125 0.19204851752021562 0.0234375 0.03638814016172507
0 0.1513671875 0.1940700808625337 0.046875 0.0673854447439353
0 0.21142578125 0.1967654986522911 0.0458984375 0.05660377358490566
0 0.35107421875 0.20013477088948786 0.0185546875 0.04986522911051213
0 0.501953125 0.22776280323450135 0.037109375 0.1078167115902965
0 0.546875 0.23045822102425875 0.052734375 0.13746630727762804
0 0.61572265625 0.29784366576819404 0.1865234375 0.2749326145552561
0 0.68017578125 0.3605121293800539 0.0693359375 0.12264150943396226
1 0.0205078125 0.23787061994609165 0.041015625 0.0876010781671159
1 0.4765625 0.5909703504043127 0.953125 0.7425876010781671
