0 0.0390625 0.22189781021897811 0.078125 0.291970802919708
0 0.056640625 0.14087591240875913 0.07421875 0.28175182481751826
0 0.12451171875 0.1948905109489051 0.1728515625 0.3897810218978102
0 0.32373046875 0.11897810218978103 0.1181640625 0.23795620437956205
0 0.48876953125 0.072992700729927 0.0673828125 0.145985401459854
0 0.525390625 0.040145985401459854 0.03125 0.08029197080291971
0 0.5634765625 0.050364963503649635 0.037109375 0.10072992700729927
0 0.5986328125 0.04744525547445255 0.0625 0.0948905109489051
1 0.5078125 0.5401459854014599 0.830078125 0.9167883211678832
1 0.41845703125 0.10218978102189781 0.2705078125 0.16642335766423358
