1 0.916015625 0.792749658002736 0.15234375 0.22845417236662108
0 0.0673828125 0.801641586867305 0.056640625 0.2982216142270862
0 0.1005859375 0.7975376196990424 0.05078125 0.2708618331053352
0 0.185546875 0.7763337893296853 0.044921875 0.2722298221614227
0 0.189453125 0.673734610123119 0.033203125 0.04514363885088919
0 0.21728515625 0.6785225718194254 0.0302734375 0.05198358413132695
0 0.25146484375 0.6778385772913816 0.0380859375 0.047879616963064295
0 0.27685546875 0.7948016415868673 0.0712890625 0.2818057455540356
0 0.271484375 0.6709986320109439 0.05078125 0.06155950752393981
0 0.33154296875 0.6757865937072504 0.0537109375 0.06566347469220246
0 0.39013671875 0.6812585499316005 0.0244140625 0.05471956224350205
0 0.4580078125 0.7831737346101231 0.072265625 0.2558139534883721
0 0.57666015625 0.7811217510259918 0.0751953125 0.2763337893296854
0 0.68701171875 0.7729138166894665 0.0791015625 0.3119015047879617
0 0.76953125 0.7975376196990424 0.056640625 0.26265389876880985
1 0.04150390625 0.8091655266757866 0.0830078125 0.22298221614227087
