0 0.76953125 0.5540364583333334 0.099609375 0.4778645833333333
0 0.0166015625 0.375 0.033203125 0.17708333333333334
0 0.064453125 0.3665364583333333 0.06640625 0.14453125
0 0.076171875 0.3111979166666667 0.06640625 0.12239583333333333
0 0.13427734375 0.302734375 0.0634765625 0.12109375
0 0.234375 0.625 0.22265625 0.7447916666666666
0 0.38330078125 0.357421875 0.1318359375 0.22265625
0 0.48681640625 0.6171875 0.1787109375 0.7604166666666666
0 0.57470703125 0.39453125 0.0966796875 0.23958333333333334
0 0.66015625 0.5390625 0.10546875 0.484375
0 0.68017578125 0.3359375 0.0849609375 0.13541666666666666
0 0.87890625 0.5188802083333334 0.125 0.4309895833333333
0 0.947265625 0.4934895833333333 0.1015625 0.4557291666666667
1 0.31787109375 0.6647135416666666 0.6357421875 0.5169270833333334
