1 0.8642578125 0.769811320754717 0.173828125 0.1559748427672956
0 0.0380859375 0.6138364779874214 0.076171875 0.11320754716981132
0 0.21630859375 0.2679245283018868 0.0732421875 0.042767295597484274
0 0.29833984375 0.2610062893081761 0.1181640625 0.21257861635220127
0 0.4091796875 0.35094339622641507 0.12109375 0.18364779874213835
0 0.4794921875 0.36855345911949683 0.189453125 0.27672955974842767
0 0.46630859375 0.24276729559748428 0.1357421875 0.1610062893081761
0 0.67236328125 0.49433962264150944 0.0888671875 0.14339622641509434
0 0.9482421875 0.7628930817610063 0.099609375 0.22767295597484277
1 0.78955078125 0.8402515723270441 0.0556640625 0.1660377358490566
