0 0.65283203125 0.4993489583333333 0.4384765625 0.84765625
1 0.818359375 0.6126302083333334 0.337890625 0.42578125
0 0.1591796875 0.3098958333333333 0.013671875 0.028645833333333332
0 0.23046875 0.322265625 0.013671875 0.024739583333333332
0 0.28955078125 0.3522135416666667 0.0283203125 0.07161458333333333
0 0.4609375 0.375 0.015625 0.07552083333333333
0 0.48583984375 0.3684895833333333 0.0244140625 0.07291666666666667
0 0.5 0.3678385416666667 0.013671875 0.08984375
0 0.6796875 0.3528645833333333 0.015625 0.020833333333333332
0 0.72021484375 0.353515625 0.0380859375 0.045572916666666664
0 0.87841796875 0.3802083333333333 0.0302734375 0.057291666666666664
0 0.923828125 0.3873697916666667 0.033203125 0.03515625
0 0.96337890625 0.380859375 0.0244140625 0.04296875
1 0.2041015625 0.41796875 0.408203125 0.19270833333333334
