1 0.49951171875 0.4868995633187773 0.9990234375 0.759825327510917
0 0.1728515625 0.32532751091703055 0.048828125 0.3231441048034934
0 0.26171875 0.2554585152838428 0.021484375 0.1222707423580786
0 0.28076171875 0.259825327510917 0.0205078125 0.1091703056768559
0 0.35546875 0.21724890829694324 0.005859375 0.0982532751091703
0 0.36181640625 0.22270742358078602 0.0166015625 0.07860262008733625
0 0.48095703125 0.2423580786026201 0.0283203125 0.14847161572052403
1 0.10791015625 0.2718340611353712 0.0927734375 0.1331877729257642
1 0.18505859375 0.2663755458515284 0.1455078125 0.13100436681222707
1 0.48779296875 0.27729257641921395 0.0693359375 0.07860262008733625
1 0.5732421875 0.2336244541484716 0.078125 0.056768558951965066
1 0.63427734375 0.25 0.0478515625 0.024017467248908297
1 0.697265625 0.25655021834061137 0.01953125 0.019650655021834062
1 0.7294921875 0.2587336244541485 0.0234375 0.019650655021834062
