0 0.17578125 0.3736979166666667 0.015625 0.033854166666666664
0 0.29443359375 0.556640625 0.1806640625 0.3138020833333333
0 0.4580078125 0.34375 0.013671875 0.028645833333333332
0 0.46484375 0.40234375 0.0234375 0.078125
0 0.4677734375 0.34765625 0.0078125 0.018229166666666668
0 0.62744140625 0.5625 0.1064453125 0.125
0 0.626953125 0.392578125 0.01953125 0.06380208333333333
0 0.693359375 0.3990885416666667 0.029296875 0.06640625
0 0.69970703125 0.3912760416666667 0.0302734375 0.09765625
0 0.76025390625 0.3990885416666667 0.0263671875 0.08984375
0 0.7744140625 0.396484375 0.025390625 0.10026041666666667
1 0.62548828125 0.5904947916666666 0.4677734375 0.30859375
