0 0.087890625 0.5431918008784773 0.013671875 0.04685212298682284
0 0.26513671875 0.5453879941434846 0.0185546875 0.05124450951683748
0 0.5478515625 0.6010248901903368 0.052734375 0.21522693997071743
1 0.1982421875 0.541727672035139 0.03125 0.03513909224011713
1 0.23388671875 0.5380673499267935 0.0654296875 0.036603221083455345
1 0.25048828125 0.5431918008784773 0.0615234375 0.02342606149341142
1 0.28466796875 0.5424597364568082 0.0302734375 0.03367496339677892
1 0.3154296875 0.5380673499267935 0.0625 0.03367496339677892
1 0.3701171875 0.5446559297218155 0.072265625 0.03806734992679356
1 0.41162109375 0.5395314787701317 0.0263671875 0.03074670571010249
1 0.435546875 0.5483162518301611 0.021484375 0.03074670571010249
1 0.46533203125 0.5505124450951684 0.0380859375 0.04978038067349927
1 0.4833984375 0.5380673499267935 0.044921875 0.036603221083455345
1 0.65966796875 0.5424597364568082 0.0478515625 0.05124450951683748
1 0.70654296875 0.5344070278184481 0.0478515625 0.043923865300146414
1 0.74169921875 0.5292825768667643 0.0380859375 0.03953147877013177
1 0.765625 0.5263543191800878 0.03125 0.03367496339677892
1 0.787109375 0.5263543191800878 0.021484375 0.027818448023426062
1 0.8046875 0.5226939970717424 0.015625 0.020497803806734993
1 0.845703125 0.5153733528550513 0.0078125 0.01171303074670571
1 0.86279296875 0.5168374816983895 0.0244140625 0.014641288433382138
