0 0.01806640625 0.5720588235294117 0.0361328125 0.1264705882352941
0 0.07666015625 0.6625 0.0595703125 0.22794117647058823
0 0.0986328125 0.6522058823529412 0.07421875 0.2338235294117647
0 0.3232421875 0.7272058823529411 0.0625 0.06911764705882353
0 0.3212890625 0.6558823529411765 0.02734375 0.08529411764705883
0 0.34326171875 0.6875 0.0439453125 0.13088235294117648
0 0.39697265625 0.6875 0.0634765625 0.225
0 0.40185546875 0.6191176470588236 0.0615234375 0.09411764705882353
0 0.43017578125 0.7095588235294118 0.0458984375 0.21911764705882353
0 0.46484375 0.6919117647058823 0.052734375 0.19558823529411765
0 0.45458984375 0.6279411764705882 0.0244140625 0.07352941176470588
0 0.4931640625 0.6801470588235294 0.033203125 0.17794117647058824
0 0.52001953125 0.6941176470588235 0.0361328125 0.16176470588235295
0 0.54150390625 0.7808823529411765 0.0791015625 0.2323529411764706
0 0.5615234375 0.6485294117647059 0.052734375 0.08823529411764706
0 0.80859375 0.7610294117647058 0.03515625 0.21323529411764705
1 0.025390625 0.7058823529411765 0.05078125 0.16176470588235295
1 0.50341796875 0.6727941176470589 0.0146484375 0.04852941176470588
1 0.796875 0.7639705882352941 0.197265625 0.17794117647058824
