1 0.51416015625 0.5807635829662261 0.8974609375 0.7327459618208517
0 0.01416015625 0.2195301027900147 0.0283203125 0.13069016152716592
0 0.03759765625 0.25477239353891334 0.0400390625 0.1395007342143906
0 0.07421875 0.23201174743024963 0.025390625 0.10866372980910426
0 0.08154296875 0.1644640234948605 0.0283203125 0.0381791483113069
0 0.0888671875 0.3054331864904552 0.029296875 0.16740088105726872
0 0.09619140625 0.1644640234948605 0.0224609375 0.041116005873715125
0 0.11474609375 0.2591776798825257 0.0498046875 0.15712187958883994
0 0.15673828125 0.21512481644640236 0.0263671875 0.1013215859030837
0 0.16796875 0.20631424375917767 0.03125 0.08957415565345081
0 0.17919921875 0.2342143906020558 0.0302734375 0.09251101321585903
0 0.18896484375 0.24302496328928047 0.0419921875 0.06020558002936858
0 0.19091796875 0.18575624082232012 0.0205078125 0.04552129221732746
0 0.19921875 0.2011747430249633 0.0234375 0.0381791483113069
0 0.22021484375 0.18795888399412627 0.0244140625 0.07342143906020558
0 0.228515625 0.25036710719530103 0.02734375 0.0631424375917768
0 0.28515625 0.22246696035242292 0.0234375 0.06901615271659324
0 0.3017578125 0.2276064610866373 0.029296875 0.05873715124816446
0 0.322265625 0.23127753303964757 0.013671875 0.033773861967694566
0 0.32861328125 0.17841409691629956 0.0224609375 0.04552129221732746
0 0.33935546875 0.20337738619676946 0.0185546875 0.08370044052863436
0 0.36962890625 0.21218795888399414 0.0205078125 0.05726872246696035
0 0.390625 0.20998531571218795 0.0234375 0.049926578560939794
0 0.40234375 0.20998531571218795 0.017578125 0.055800293685756244
0 0.419921875 0.20851688693098386 0.017578125 0.05286343612334802
0 0.4716796875 0.21659324522760645 0.025390625 0.042584434654919234
0 0.47998046875 0.2209985315712188 0.0322265625 0.039647577092511016
0 0.50634765625 0.21145374449339208 0.0126953125 0.04698972099853157
0 0.56005859375 0.21365638766519823 0.0205078125 0.03671071953010279
0 0.56298828125 0.20998531571218795 0.0224609375 0.05286343612334802
0 0.59228515625 0.23348017621145375 0.0263671875 0.0763582966226138
0 0.61328125 0.25036710719530103 0.037109375 0.06901615271659324
0 0.6162109375 0.22540381791483113 0.021484375 0.0513950073421439
0 0.63623046875 0.23861967694566813 0.0224609375 0.06901615271659324
0 0.650390625 0.2393538913362702 0.01953125 0.06754772393538913
0 0.6650390625 0.2356828193832599 0.021484375 0.07195301027900147
0 0.6845703125 0.2261380323054332 0.03125 0.07929515418502203
0 0.6923828125 0.2687224669603524 0.033203125 0.09985315712187959
0 0.7265625 0.35609397944199705 0.078125 0.22466960352422907
0 0.71435546875 0.2276064610866373 0.0302734375 0.10572687224669604
0 0.73291015625 0.24155653450807635 0.0224609375 0.05433186490455213
0 0.7421875 0.19236417033773862 0.033203125 0.055800293685756244
0 0.75927734375 0.25036710719530103 0.0302734375 0.07195301027900147
0 0.76416015625 0.2209985315712188 0.0224609375 0.04552129221732746
0 0.77734375 0.2422907488986784 0.017578125 0.0881057268722467
0 0.7890625 0.2687224669603524 0.029296875 0.14684287812041116
0 0.7958984375 0.1960352422907489 0.0234375 0.05726872246696035
0 0.8173828125 0.19383259911894274 0.01953125 0.02643171806167401
0 0.8408203125 0.28193832599118945 0.037109375 0.15565345080763582
0 0.83837890625 0.19750367107195302 0.0244140625 0.06901615271659324
0 0.85986328125 0.21145374449339208 0.0322265625 0.06754772393538913
0 0.876953125 0.2878120411160059 0.048828125 0.18795888399412627
0 0.8876953125 0.19016152716593246 0.02734375 0.01908957415565345
0 0.90478515625 0.20998531571218795 0.0126953125 0.05286343612334802
0 0.9267578125 0.290014684287812 0.03515625 0.20411160058737152
0 0.939453125 0.18722466960352424 0.029296875 0.0513950073421439
0 0.96044921875 0.2988252569750367 0.0361328125 0.15418502202643172
0 0.96728515625 0.2055800293685756 0.0439453125 0.049926578560939794
0 0.986328125 0.2342143906020558 0.025390625 0.07782672540381791
0 0.9931640625 0.2092511013215859 0.01171875 0.042584434654919234
1 0.0517578125 0.4118942731277533 0.103515625 0.27165932452276065
