0 0.0380859375 0.1111111111111111 0.05078125 0.2222222222222222
0 0.103515625 0.1834795321637427 0.12109375 0.3669590643274854
0 0.22900390625 0.13669590643274854 0.0419921875 0.26169590643274854
0 0.2724609375 0.15716374269005848 0.0625 0.31432748538011696
0 0.36962890625 0.14473684210526316 0.0556640625 0.2894736842105263
0 0.43896484375 0.1440058479532164 0.0634765625 0.20614035087719298
0 0.4287109375 0.08406432748538012 0.03515625 0.16812865497076024
0 0.4619140625 0.1111111111111111 0.029296875 0.21052631578947367
0 0.4951171875 0.1286549707602339 0.060546875 0.2573099415204678
0 0.53271484375 0.0935672514619883 0.0556640625 0.1871345029239766
0 0.57958984375 0.09210526315789473 0.0458984375 0.18421052631578946
0 0.6533203125 0.07675438596491228 0.052734375 0.15350877192982457
0 0.701171875 0.14546783625730994 0.03515625 0.12719298245614036
0 0.73681640625 0.10014619883040936 0.0654296875 0.14473684210526316
0 0.77734375 0.11476608187134503 0.03515625 0.1301169590643275
0 0.810546875 0.09576023391812866 0.0546875 0.17982456140350878
0 0.86279296875 0.1286549707602339 0.0771484375 0.2573099415204678
0 0.9609375 0.1615497076023392 0.076171875 0.3201754385964912
1 0.0185546875 0.13230994152046785 0.037109375 0.11842105263157894
1 0.07177734375 0.4159356725146199 0.1435546875 0.2850877192982456
1 0.22265625 0.14912280701754385 0.21484375 0.1286549707602339
1 0.56201171875 0.547514619883041 0.7646484375 0.7880116959064327
1 0.4052734375 0.14546783625730994 0.140625 0.13596491228070176
1 0.6220703125 0.13304093567251463 0.130859375 0.13450292397660818
1 0.90234375 0.09649122807017543 0.03515625 0.023391812865497075
