0 0.67431640625 0.6065693430656934 0.0537109375 0.10948905109489052
0 0.005859375 0.6656934306569343 0.01171875 0.17226277372262774
0 0.02734375 0.6510948905109489 0.03125 0.12554744525547445
0 0.275390625 0.6992700729927007 0.056640625 0.2364963503649635
0 0.35302734375 0.6883211678832116 0.1064453125 0.22335766423357664
0 0.44775390625 0.6562043795620438 0.0830078125 0.22335766423357664
0 0.64990234375 0.6007299270072993 0.0263671875 0.07445255474452554
0 0.92041015625 0.8211678832116789 0.1572265625 0.35474452554744523
0 0.93115234375 0.5832116788321168 0.0126953125 0.030656934306569343
0 0.95166015625 0.5832116788321168 0.0146484375 0.0364963503649635
0 0.96630859375 0.5832116788321168 0.0146484375 0.030656934306569343
0 0.98388671875 0.5978102189781022 0.0302734375 0.10656934306569343
1 0.25732421875 0.7029197080291971 0.5048828125 0.2321167883211679
1 0.04443359375 0.6262773722627737 0.0693359375 0.049635036496350364
1 0.095703125 0.6306569343065693 0.060546875 0.072992700729927
1 0.55810546875 0.8094890510948906 0.8818359375 0.3781021897810219
1 0.21875 0.6233576642335766 0.060546875 0.049635036496350364
1 0.30322265625 0.6240875912408759 0.0283203125 0.04525547445255475
1 0.94189453125 0.6226277372262774 0.0341796875 0.021897810218978103
