0 0.29541015625 0.5907759882869692 0.0439453125 0.27379209370424595
0 0.31640625 0.5666178623718887 0.0390625 0.20497803806734993
0 0.3564453125 0.6478770131771596 0.109375 0.4172767203513909
0 0.44482421875 0.7130307467057101 0.1689453125 0.5241581259150805
0 0.423828125 0.4868228404099561 0.033203125 0.07174231332357248
0 0.63671875 0.7210834553440703 0.125 0.5109809663250366
0 0.8642578125 0.6815519765739385 0.134765625 0.4787701317715959
0 0.90771484375 0.7686676427525623 0.0869140625 0.14348462664714495
1 0.15673828125 0.4992679355783309 0.0185546875 0.040995607613469986
1 0.57958984375 0.5395314787701317 0.1494140625 0.1683748169838946
1 0.94677734375 0.5285505124450952 0.1025390625 0.2108345534407028
