0 0.45947265625 0.390190336749634 0.0517578125 0.191800878477306
0 0.248046875 0.28989751098096633 0.015625 0.032210834553440704
0 0.26904296875 0.3169838945827233 0.0322265625 0.048316251830161056
0 0.33154296875 0.4033674963396779 0.0244140625 0.14494875549048317
0 0.32763671875 0.31478770131771594 0.0146484375 0.032210834553440704
0 0.4091796875 0.3923865300146413 0.03125 0.18448023426061494
0 0.51904296875 0.41142020497803805 0.0322265625 0.17276720351390923
0 0.55224609375 0.4136163982430454 0.0322265625 0.1683748169838946
0 0.59521484375 0.40995607613469986 0.0341796875 0.17569546120058566
1 0.1455078125 0.5 0.291015625 0.24743777452415813
1 0.23779296875 0.4136163982430454 0.1982421875 0.17423133235724744
1 0.28076171875 0.3557833089311859 0.1708984375 0.1054172767203514
1 0.5654296875 0.3140556368960469 0.076171875 0.05417276720351391
1 0.6396484375 0.3418740849194729 0.068359375 0.07759882869692533
1 0.68017578125 0.363103953147877 0.0947265625 0.08199121522693997
1 0.740234375 0.37920937042459735 0.11328125 0.09077598828696926
1 0.8134765625 0.4062957540263543 0.14453125 0.12152269399707175
1 0.91162109375 0.44875549048316254 0.1748046875 0.15666178623718888
1 0.9814453125 0.5087847730600292 0.03515625 0.11566617862371889
