0 0.28662109375 0.5391432791728212 0.0712890625 0.25997045790251105
0 0.0078125 0.5155096011816839 0.015625 0.18020679468242246
0 0.25439453125 0.4586410635155096 0.0205078125 0.08419497784342689
0 0.31884765625 0.5214180206794683 0.0205078125 0.18906942392909898
0 0.34619140625 0.44903988183161003 0.0166015625 0.07385524372230429
0 0.39794921875 0.4881831610044313 0.0400390625 0.15805022156573117
0 0.4208984375 0.4689807976366322 0.0234375 0.10487444608567208
0 0.4716796875 0.4298375184638109 0.01171875 0.03840472673559823
0 0.48486328125 0.43353028064992616 0.0126953125 0.028064992614475627
0 0.50048828125 0.42688330871491875 0.0224609375 0.03249630723781388
0 0.50390625 0.4534711964549483 0.029296875 0.056129985228951254
0 0.642578125 0.516248153618907 0.046875 0.1255539143279173
0 0.69775390625 0.49261447562776955 0.0361328125 0.14623338257016247
1 0.08203125 0.48670605612998524 0.1640625 0.23190546528803546
