0 0.17431640625 0.4992679355783309 0.3486328125 0.9985358711566618
0 0.75341796875 0.24890190336749635 0.0263671875 0.07027818448023426
0 0.787109375 0.15592972181551976 0.04296875 0.30600292825768666
0 0.955078125 0.4428989751098097 0.078125 0.6310395314787701
1 0.03759765625 0.13250366032210834 0.0751953125 0.1390922401171303
1 0.2822265625 0.11273792093704246 0.0546875 0.08199121522693997
1 0.34521484375 0.11493411420204978 0.1298828125 0.11566617862371889
1 0.3984375 0.07979502196193265 0.052734375 0.03074670571010249
1 0.453125 0.1054172767203514 0.115234375 0.09663250366032211
1 0.568359375 0.10834553440702782 0.173828125 0.12005856515373353
1 0.60888671875 0.0746705710102489 0.0478515625 0.03513909224011713
1 0.947265625 0.17715959004392387 0.103515625 0.15519765739385066
