1 0.7412109375 0.7428385416666666 0.19921875 0.18619791666666666
0 0.19580078125 0.8209635416666666 0.0869140625 0.3528645833333333
0 0.25732421875 0.8190104166666666 0.1474609375 0.3567708333333333
0 0.34765625 0.7604166666666666 0.0546875 0.28125
1 0.01611328125 0.92578125 0.0322265625 0.14322916666666666
1 0.03125 0.8470052083333334 0.0625 0.26171875
1 0.06298828125 0.7272135416666666 0.1162109375 0.20442708333333334
1 0.595703125 0.666015625 0.087890625 0.06380208333333333
1 0.6884765625 0.6647135416666666 0.064453125 0.07942708333333333
1 0.96240234375 0.7102864583333334 0.0712890625 0.14453125
