0 0.07958984375 0.4830729166666667 0.0869140625 0.3046875
0 0.2763671875 0.3951822916666667 0.021484375 0.05078125
0 0.33935546875 0.4212239583333333 0.0302734375 0.10026041666666667
0 0.3515625 0.36328125 0.013671875 0.028645833333333332
0 0.42529296875 0.3860677083333333 0.0205078125 0.022135416666666668
0 0.44091796875 0.3658854166666667 0.0126953125 0.0234375
0 0.49755859375 0.3639322916666667 0.0205078125 0.053385416666666664
0 0.50732421875 0.3990885416666667 0.0302734375 0.09505208333333333
0 0.53564453125 0.3932291666666667 0.0244140625 0.08854166666666667
0 0.54248046875 0.353515625 0.0087890625 0.014322916666666666
0 0.56103515625 0.37890625 0.0263671875 0.06510416666666667
0 0.58740234375 0.380859375 0.0166015625 0.032552083333333336
0 0.619140625 0.3424479166666667 0.0546875 0.11458333333333333
0 0.65771484375 0.3548177083333333 0.0244140625 0.022135416666666668
0 0.66845703125 0.4270833333333333 0.0146484375 0.020833333333333332
0 0.69775390625 0.2884114583333333 0.0673828125 0.09765625
0 0.70654296875 0.3919270833333333 0.0673828125 0.14583333333333334
0 0.74951171875 0.4127604166666667 0.0146484375 0.020833333333333332
1 0.41748046875 0.404296875 0.0830078125 0.08463541666666667
