0 0.027083333333333334 0.5833333333333334 0.05416666666666667 0.2265625
0 0.09270833333333334 0.5546875 0.052083333333333336 0.171875
0 0.15520833333333334 0.5319010416666666 0.035416666666666666 0.11588541666666667
0 0.2375 0.18229166666666666 0.05625 0.1875
0 0.24479166666666666 0.5234375 0.035416666666666666 0.1015625
0 0.2921875 0.46875 0.03229166666666667 0.0390625
0 0.32395833333333335 0.580078125 0.09166666666666666 0.2825520833333333
1 0.5796875 0.4993489583333333 0.042708333333333334 0.037760416666666664
1 0.6744791666666666 0.54296875 0.18020833333333333 0.109375
1 0.76875 0.5279947916666666 0.09375 0.07682291666666667
