0 0.140625 0.5022123893805309 0.068359375 0.36430678466076694
0 0.00927734375 0.5095870206489675 0.0185546875 0.28466076696165193
0 0.08984375 0.49262536873156343 0.037109375 0.18289085545722714
0 0.24072265625 0.4771386430678466 0.0595703125 0.2669616519174041
0 0.36083984375 0.532448377581121 0.0439453125 0.19174041297935104
0 0.3984375 0.4771386430678466 0.0390625 0.15781710914454278
0 0.4326171875 0.4277286135693215 0.025390625 0.12684365781710916
0 0.45166015625 0.43731563421828906 0.0361328125 0.16371681415929204
0 0.52001953125 0.49041297935103245 0.0888671875 0.23156342182890854
0 0.77978515625 0.616519174041298 0.2314453125 0.56047197640118
1 0.060546875 0.2890855457227139 0.017578125 0.029498525073746312
1 0.091796875 0.32374631268436577 0.03125 0.03687315634218289
1 0.43994140625 0.3938053097345133 0.0517578125 0.05014749262536873
1 0.548828125 0.37094395280235987 0.26953125 0.10471976401179942
1 0.619140625 0.45132743362831856 0.263671875 0.27728613569321536
1 0.76904296875 0.551622418879056 0.3720703125 0.40707964601769914
