1 0.46728515625 0.8504672897196262 0.2314453125 0.2554517133956386
0 0.05615234375 0.8457943925233645 0.0400390625 0.30218068535825543
0 0.154296875 0.7258566978193146 0.025390625 0.2118380062305296
0 0.162109375 0.7616822429906542 0.021484375 0.22118380062305296
0 0.169921875 0.6090342679127726 0.0234375 0.08411214953271028
0 0.18701171875 0.7694704049844237 0.0283203125 0.24922118380062305
0 0.2060546875 0.8068535825545171 0.021484375 0.1557632398753894
0 0.24267578125 0.7305295950155763 0.0283203125 0.22118380062305296
0 0.2705078125 0.778816199376947 0.03125 0.24299065420560748
0 0.29736328125 0.6682242990654206 0.0224609375 0.20249221183800623
0 0.30908203125 0.8785046728971962 0.0263671875 0.2367601246105919
0 0.31689453125 0.6666666666666666 0.0185546875 0.18691588785046728
0 0.34765625 0.7165109034267912 0.03125 0.1557632398753894
0 0.35107421875 0.8660436137071651 0.0263671875 0.2616822429906542
0 0.3798828125 0.677570093457944 0.025390625 0.16510903426791276
0 0.41357421875 0.677570093457944 0.0224609375 0.12149532710280374
0 0.46484375 0.7819314641744548 0.01953125 0.08099688473520249
0 0.466796875 0.67601246105919 0.017578125 0.1308411214953271
0 0.4990234375 0.780373831775701 0.033203125 0.0778816199376947
0 0.49462890625 0.9672897196261683 0.0205078125 0.059190031152647975
0 0.501953125 0.6121495327102804 0.015625 0.13395638629283488
0 0.51318359375 0.602803738317757 0.0166015625 0.1277258566978193
0 0.5263671875 0.7414330218068536 0.029296875 0.1308411214953271
0 0.53173828125 0.6199376947040498 0.0224609375 0.1308411214953271
0 0.61376953125 0.8800623052959502 0.0380859375 0.2336448598130841
0 0.64208984375 0.942367601246106 0.0302734375 0.10903426791277258
0 0.67724609375 0.9376947040498442 0.0419921875 0.11838006230529595
0 0.6806640625 0.7538940809968847 0.029296875 0.18691588785046728
0 0.6943359375 0.5623052959501558 0.013671875 0.0778816199376947
0 0.7109375 0.67601246105919 0.015625 0.14953271028037382
0 0.7373046875 0.677570093457944 0.01953125 0.17757009345794392
0 0.83154296875 0.5981308411214953 0.0126953125 0.08099688473520249
0 0.8720703125 0.6308411214953271 0.01171875 0.06542056074766354
0 0.89208984375 0.6433021806853583 0.0107421875 0.09657320872274143
0 0.908203125 0.9174454828660437 0.041015625 0.1588785046728972
0 0.90234375 0.6448598130841121 0.013671875 0.09968847352024922
0 0.93994140625 0.8847352024922118 0.0263671875 0.22429906542056074
0 0.9609375 0.9003115264797508 0.025390625 0.19314641744548286
0 0.9814453125 0.8894080996884736 0.021484375 0.21495327102803738
1 0.01318359375 0.8271028037383178 0.0263671875 0.1526479750778816
1 0.01708984375 0.719626168224299 0.0341796875 0.11838006230529595
1 0.03515625 0.5 0.06640625 0.0778816199376947
1 0.0654296875 0.5654205607476636 0.1015625 0.07165109034267912
1 0.05078125 0.40342679127725856 0.04296875 0.07165109034267912
1 0.12109375 0.5109034267912772 0.02734375 0.06230529595015576
1 0.22998046875 0.559190031152648 0.0400390625 0.059190031152647975
1 0.3115234375 0.6464174454828661 0.123046875 0.1277258566978193
1 0.39208984375 0.6012461059190031 0.1181640625 0.14953271028037382
1 0.7724609375 0.8940809968847352 0.232421875 0.205607476635514
