0 0.51171875 0.83154296875 0.125 0.2177734375
1 0.17447916666666666 0.87646484375 0.34375 0.1982421875
0 0.2265625 0.751953125 0.044270833333333336 0.048828125
0 0.2994791666666667 0.71484375 0.044270833333333336 0.083984375
0 0.34375 0.7158203125 0.0546875 0.08984375
0 0.7415364583333334 0.76513671875 0.07421875 0.0791015625
0 0.8151041666666666 0.759765625 0.046875 0.044921875
0 0.9544270833333334 0.83251953125 0.08854166666666667 0.2001953125
1 0.4544270833333333 0.833984375 0.4244791666666667 0.150390625
1 0.8216145833333334 0.8251953125 0.3541666666666667 0.201171875
