0 0.197265625 0.6339677891654466 0.0625 0.16105417276720352
1 0.66162109375 0.623718887262079 0.4501953125 0.30453879941434847
0 0.0234375 0.657393850658858 0.046875 0.2547584187408492
0 0.0771484375 0.575402635431918 0.046875 0.1054172767203514
0 0.12060546875 0.5644216691068814 0.0478515625 0.07174231332357248
0 0.150390625 0.5988286969253295 0.0625 0.13469985358711567
0 0.27978515625 0.6039531478770132 0.0732421875 0.12152269399707175
0 0.33251953125 0.595900439238653 0.0732421875 0.2752562225475842
0 0.40966796875 0.6522693997071742 0.0869140625 0.23572474377745242
0 0.50146484375 0.664714494875549 0.0888671875 0.23133235724743778
