0 0.0888671875 0.7174479166666666 0.060546875 0.18489583333333334
0 0.20703125 0.6510416666666666 0.041015625 0.12760416666666666
0 0.3251953125 0.638671875 0.05078125 0.07421875
0 0.4814453125 0.634765625 0.044921875 0.13151041666666666
0 0.537109375 0.6555989583333334 0.052734375 0.16536458333333334
0 0.60498046875 0.66015625 0.0576171875 0.12760416666666666
0 0.720703125 0.6282552083333334 0.046875 0.11848958333333333
0 0.7685546875 0.623046875 0.037109375 0.12109375
0 0.86767578125 0.6438802083333334 0.0380859375 0.14713541666666666
0 0.91064453125 0.6217447916666666 0.0458984375 0.11328125
1 0.4052734375 0.7513020833333334 0.236328125 0.2552083333333333
1 0.955078125 0.7076822916666666 0.087890625 0.18098958333333334
