0 0.1103515625 0.6071428571428571 0.220703125 0.4297820823244552
0 0.05322265625 0.3341404358353511 0.0693359375 0.30024213075060535
0 0.1044921875 0.46973365617433416 0.13671875 0.23486682808716708
0 0.06787109375 0.2215496368038741 0.0458984375 0.14043583535108958
0 0.1279296875 0.23789346246973367 0.037109375 0.11016949152542373
0 0.23486328125 0.3062953995157385 0.1083984375 0.29539951573849876
0 0.2568359375 0.18220338983050846 0.0546875 0.11501210653753027
0 0.28369140625 0.23789346246973367 0.0263671875 0.11501210653753027
0 0.322265625 0.24152542372881355 0.0390625 0.12227602905569007
0 0.376953125 0.22760290556900725 0.05078125 0.14285714285714285
0 0.4453125 0.2645278450363196 0.16015625 0.1682808716707022
0 0.44140625 0.20217917675544794 0.037109375 0.043583535108958835
0 0.51953125 0.2324455205811138 0.048828125 0.1549636803874092
0 0.5478515625 0.22336561743341404 0.025390625 0.11016949152542373
0 0.64013671875 0.2215496368038741 0.0517578125 0.12590799031476999
0 0.73681640625 0.22639225181598063 0.1025390625 0.18159806295399517
0 0.89453125 0.48062953995157387 0.1953125 0.6803874092009685
0 0.8662109375 0.16707021791767554 0.119140625 0.11380145278450363
0 0.95068359375 0.20520581113801453 0.0341796875 0.07627118644067797
1 0.01806640625 0.3056900726392252 0.0361328125 0.21670702179176757
1 0.4921875 0.5399515738498789 0.6953125 0.6053268765133172
