1 0.66357421875 0.424597364568082 0.2216796875 0.14641288433382138
0 0.15283203125 0.38726207906295756 0.1162109375 0.1478770131771596
0 0.3505859375 0.4465592972181552 0.107421875 0.2957540263543192
0 0.40380859375 0.3623718887262079 0.0205078125 0.07174231332357248
0 0.447265625 0.35871156661786235 0.048828125 0.09370424597364568
0 0.537109375 0.3931185944363104 0.060546875 0.13616398243045388
0 0.9833984375 0.3740849194729136 0.01953125 0.09224011713030747
1 0.0576171875 0.4289897510980966 0.115234375 0.2781844802342606
1 0.6923828125 0.3506588579795022 0.03125 0.03953147877013177
1 0.869140625 0.42313323572474376 0.103515625 0.12298682284040996
