1 0.50439453125 0.5078125 0.9248046875 0.9557291666666666
0 0.029296875 0.13020833333333334 0.05859375 0.2604166666666667
0 0.1845703125 0.17317708333333334 0.13671875 0.11979166666666667
0 0.3408203125 0.11458333333333333 0.083984375 0.22916666666666666
0 0.51025390625 0.1015625 0.1416015625 0.203125
0 0.58984375 0.072265625 0.052734375 0.14453125
0 0.69384765625 0.103515625 0.1142578125 0.20703125
0 0.94287109375 0.11067708333333333 0.0888671875 0.22135416666666666
1 0.2587890625 0.171875 0.328125 0.1171875
1 0.43359375 0.16341145833333334 0.09375 0.08723958333333333
1 0.67626953125 0.10026041666666667 0.1630859375 0.20052083333333334
1 0.85107421875 0.1015625 0.2548828125 0.203125
1 0.92724609375 0.091796875 0.1435546875 0.18359375
