0 0.81494140625 0.4472913616398243 0.1396484375 0.3850658857979502
0 0.01416015625 0.4956076134699854 0.0283203125 0.2796486090775988
0 0.2333984375 0.5600292825768668 0.388671875 0.87701317715959
0 0.166015625 0.42825768667642755 0.03515625 0.1390922401171303
0 0.61474609375 0.4992679355783309 0.5751953125 0.9985358711566618
0 0.6728515625 0.404099560761347 0.064453125 0.16691068814055637
1 0.5048828125 0.4158125915080527 0.0234375 0.04685212298682284
1 0.70703125 0.404099560761347 0.091796875 0.11127379209370425
1 0.8994140625 0.42093704245973645 0.033203125 0.0629575402635432
1 0.953125 0.4216691068814056 0.091796875 0.1698389458272328
