0 0.3662109375 0.625 0.150390625 0.6119791666666666
0 0.1201171875 0.4381510416666667 0.130859375 0.3424479166666667
0 0.97607421875 0.3782552083333333 0.0458984375 0.17057291666666666
1 0.103515625 0.3984375 0.20703125 0.2552083333333333
1 0.13916015625 0.37109375 0.0361328125 0.052083333333333336
1 0.22509765625 0.3977864583333333 0.0595703125 0.06901041666666667
1 0.609375 0.451171875 0.357421875 0.3528645833333333
1 0.791015625 0.39453125 0.197265625 0.25
1 0.91015625 0.3860677083333333 0.109375 0.11848958333333333
1 0.95263671875 0.3704427083333333 0.0244140625 0.09765625
