0 0.018880208333333332 0.060546875 0.037760416666666664 0.095703125
0 0.0546875 0.658203125 0.0703125 0.126953125
0 0.10872395833333333 0.04833984375 0.05078125 0.0966796875
0 0.15364583333333334 0.85693359375 0.0859375 0.1513671875
0 0.205078125 0.52001953125 0.07421875 0.0986328125
0 0.24674479166666666 0.8447265625 0.07942708333333333 0.1328125
0 0.4791666666666667 0.42578125 0.08333333333333333 0.095703125
0 0.7662760416666666 0.73681640625 0.07421875 0.0888671875
1 0.4889322916666667 0.6416015625 0.2799479166666667 0.283203125
1 0.6829427083333334 0.126953125 0.19140625 0.150390625
1 0.9401041666666666 0.04541015625 0.1171875 0.0849609375
