0 0.29248046875 0.49097938144329895 0.0693359375 0.46134020618556704
0 0.32470703125 0.4677835051546392 0.0341796875 0.39948453608247425
0 0.4404296875 0.46649484536082475 0.052734375 0.41237113402061853
0 0.48876953125 0.45489690721649484 0.0654296875 0.49226804123711343
0 0.52685546875 0.45618556701030927 0.0478515625 0.42783505154639173
0 0.5712890625 0.4265463917525773 0.060546875 0.3634020618556701
0 0.828125 0.5180412371134021 0.080078125 0.6082474226804123
1 0.1044921875 0.4484536082474227 0.158203125 0.18041237113402062
1 0.38134765625 0.3917525773195876 0.1142578125 0.19072164948453607
1 0.927734375 0.538659793814433 0.142578125 0.32989690721649484
1 0.96044921875 0.31443298969072164 0.0712890625 0.06701030927835051
