1 0.8017578125 0.2966226138032305 0.291015625 0.19676945668135096
0 0.130859375 0.8972099853157122 0.26171875 0.2026431718061674
0 0.13134765625 0.5837004405286343 0.1376953125 0.34508076358296624
0 0.15576171875 0.6402349486049926 0.1845703125 0.39941262848751835
0 0.267578125 0.7944199706314243 0.259765625 0.40822320117474303
0 0.60302734375 0.684287812041116 0.2763671875 0.6284875183553598
0 0.76806640625 0.7745961820851689 0.2060546875 0.447870778267254
0 0.92138671875 0.8450807635829662 0.1552734375 0.3069016152716593
1 0.46630859375 0.3671071953010279 0.4091796875 0.30837004405286345
1 0.48828125 0.15198237885462554 0.04296875 0.030837004405286344
1 0.62451171875 0.20044052863436124 0.1337890625 0.09838472834067548
