0 0.1533203125 0.7565104166666666 0.306640625 0.4817708333333333
0 0.7763671875 0.4993489583333333 0.443359375 0.9986979166666666
1 0.4990234375 0.4993489583333333 0.998046875 0.9986979166666666
1 0.21484375 0.4440104166666667 0.03515625 0.015625
1 0.267578125 0.4420572916666667 0.033203125 0.01953125
1 0.3544921875 0.4388020833333333 0.037109375 0.015625
1 0.478515625 0.4329427083333333 0.013671875 0.022135416666666668
1 0.490234375 0.4322916666666667 0.015625 0.015625
1 0.52734375 0.4322916666666667 0.021484375 0.015625
1 0.57080078125 0.435546875 0.0107421875 0.01171875
1 0.62744140625 0.4283854166666667 0.0263671875 0.015625
1 0.68359375 0.4296875 0.0234375 0.015625
1 0.70068359375 0.44140625 0.0244140625 0.0234375
