0 0.32861328125 0.15441176470588236 0.0771484375 0.1588235294117647
0 0.0029296875 0.2301470588235294 0.005859375 0.022058823529411766
0 0.00537109375 0.1514705882352941 0.0107421875 0.041176470588235294
0 0.01953125 0.13161764705882353 0.0234375 0.07205882352941176
0 0.923828125 0.14926470588235294 0.021484375 0.04264705882352941
0 0.943359375 0.14852941176470588 0.015625 0.03235294117647059
0 0.95654296875 0.15808823529411764 0.0068359375 0.013235294117647059
0 0.99365234375 0.1661764705882353 0.0107421875 0.06764705882352941
1 0.10400390625 0.7794117647058824 0.2080078125 0.43823529411764706
1 0.51416015625 0.575735294117647 0.7646484375 0.775
