0 0.69677734375 0.3604992657856094 0.0615234375 0.14243759177679882
0 0.0126953125 0.5242290748898678 0.025390625 0.25844346549192365
0 0.0556640625 0.5 0.078125 0.27165932452276065
0 0.21484375 0.3010279001468429 0.009765625 0.041116005873715125
0 0.24072265625 0.2856093979441997 0.0107421875 0.033773861967694566
0 0.24755859375 0.3252569750367107 0.0205078125 0.05433186490455213
0 0.31787109375 0.27826725403817915 0.0107421875 0.01908957415565345
0 0.43896484375 0.2922173274596182 0.0107421875 0.03524229074889868
0 0.91552734375 0.5014684287812041 0.0927734375 0.28046989720998533
0 0.98095703125 0.4853157121879589 0.0361328125 0.2540381791483113
1 0.5244140625 0.5851688693098385 0.81640625 0.5183553597650514
1 0.22119140625 0.3054331864904552 0.0283203125 0.05286343612334802
1 0.25146484375 0.28707782672540383 0.0244140625 0.013215859030837005
1 0.298828125 0.302496328928047 0.0703125 0.06754772393538913
1 0.5244140625 0.38399412628487517 0.1328125 0.13069016152716592
1 0.83642578125 0.4566813509544787 0.1396484375 0.12334801762114538
