0 0.07177734375 0.26171875 0.1435546875 0.5234375
0 0.228515625 0.16341145833333334 0.1484375 0.3268229166666667
0 0.52197265625 0.044921875 0.0869140625 0.08984375
0 0.6064453125 0.043619791666666664 0.046875 0.08723958333333333
0 0.669921875 0.19661458333333334 0.1171875 0.1484375
0 0.76708984375 0.033203125 0.0634765625 0.06640625
1 0.21044921875 0.21744791666666666 0.2861328125 0.3385416666666667
1 0.54833984375 0.490234375 0.9013671875 0.8111979166666666
1 0.61865234375 0.07291666666666667 0.1650390625 0.14583333333333334
1 0.84033203125 0.14908854166666666 0.2177734375 0.2721354166666667
