0 0.416015625 0.2078125 0.109375 0.321875
1 0.50390625 0.5875 0.927734375 0.609375
0 0.044921875 0.19296875 0.08984375 0.3859375
0 0.1201171875 0.3140625 0.0703125 0.403125
0 0.162109375 0.2515625 0.048828125 0.440625
0 0.22802734375 0.2578125 0.0888671875 0.371875
0 0.24755859375 0.04765625 0.0419921875 0.0953125
0 0.30078125 0.20546875 0.14453125 0.4046875
0 0.51611328125 0.1796875 0.1240234375 0.359375
1 0.03271484375 0.38359375 0.0654296875 0.2578125
1 0.75537109375 0.83046875 0.4873046875 0.3359375
1 0.626953125 0.0109375 0.04296875 0.021875
1 0.91357421875 0.03125 0.1708984375 0.0625
