0 0.0712890625 0.7210834553440703 0.021484375 0.10102489019033675
0 0.28515625 0.7210834553440703 0.0234375 0.05710102489019034
0 0.3173828125 0.7459736456808199 0.04296875 0.1478770131771596
0 0.3427734375 0.8462664714494875 0.091796875 0.26939970717423134
0 0.3603515625 0.66398243045388 0.009765625 0.0424597364568082
0 0.521484375 0.6486090775988287 0.0078125 0.02635431918008785
0 0.5732421875 0.6698389458272328 0.013671875 0.03953147877013177
0 0.607421875 0.6991215226939971 0.0234375 0.0951683748169839
0 0.828125 0.6464128843338214 0.005859375 0.01903367496339678
0 0.83203125 0.6669106881405563 0.0078125 0.03367496339677892
0 0.90673828125 0.6603221083455344 0.0126953125 0.040995607613469986
1 0.037109375 0.6991215226939971 0.068359375 0.10395314787701318
1 0.12451171875 0.678623718887262 0.0771484375 0.09224011713030747
1 0.177734375 0.6822840409956076 0.15234375 0.0849194729136164
1 0.33251953125 0.7540263543191801 0.2255859375 0.17569546120058566
1 0.30126953125 0.636896046852123 0.0244140625 0.020497803806734993
1 0.33056640625 0.6464128843338214 0.0400390625 0.03367496339677892
1 0.37255859375 0.6449487554904831 0.0361328125 0.024890190336749635
1 0.40087890625 0.6420204978038068 0.0166015625 0.01903367496339678
1 0.77978515625 0.6434846266471449 0.0439453125 0.03953147877013177
