0 0.09814453125 0.25477239353891334 0.1279296875 0.5095447870778267
1 0.5322265625 0.5220264317180616 0.646484375 0.6534508076358296
0 0.30908203125 0.09251101321585903 0.0634765625 0.18502202643171806
0 0.47412109375 0.16299559471365638 0.1103515625 0.19089574155653452
0 0.57080078125 0.1262848751835536 0.0654296875 0.1644640234948605
0 0.71826171875 0.18135095447870778 0.1162109375 0.36270190895741555
0 0.7744140625 0.18722466960352424 0.07421875 0.3744493392070485
0 0.8623046875 0.04331864904552129 0.03515625 0.08663729809104258
0 0.9248046875 0.24522760646108663 0.103515625 0.49045521292217326
1 0.294921875 0.06167400881057269 0.125 0.1145374449339207
1 0.4951171875 0.06093979441997063 0.15625 0.10719530102790015
1 0.65576171875 0.06607929515418502 0.1142578125 0.09985315712187959
1 0.88427734375 0.2305433186490455 0.2294921875 0.2290748898678414
1 0.900390625 0.09324522760646109 0.197265625 0.13069016152716592
