0 0.10009765625 0.3294270833333333 0.0244140625 0.057291666666666664
0 0.240234375 0.306640625 0.09765625 0.10546875
0 0.26171875 0.296875 0.080078125 0.10416666666666667
0 0.8359375 0.37109375 0.056640625 0.03125
0 0.900390625 0.4069010416666667 0.076171875 0.23046875
0 0.94384765625 0.4147135416666667 0.0595703125 0.22005208333333334
0 0.96630859375 0.43359375 0.0654296875 0.2708333333333333
1 0.07275390625 0.4427083333333333 0.1455078125 0.4270833333333333
1 0.51318359375 0.4993489583333333 0.7783203125 0.7330729166666666
1 0.86181640625 0.4055989583333333 0.0400390625 0.06380208333333333
