0 0.0224609375 0.7159590043923866 0.044921875 0.5651537335285505
0 0.18115234375 0.33382137628111275 0.0419921875 0.11127379209370425
0 0.21875 0.287701317715959 0.041015625 0.08638360175695461
0 0.509765625 0.6390922401171303 0.140625 0.718887262079063
0 0.69140625 0.3008784773060029 0.029296875 0.0951683748169839
0 0.74169921875 0.3191800878477306 0.0634765625 0.10834553440702782
1 0.12060546875 0.5790629575402635 0.2099609375 0.26207906295754024
1 0.31005859375 0.3594436310395315 0.2392578125 0.15080527086383602
1 0.52294921875 0.35651537335285505 0.3740234375 0.18301610541727673
1 0.68408203125 0.6185944363103953 0.6298828125 0.47584187408491946
