1 0.49169921875 0.5882352941176471 0.7763671875 0.611764705882353
0 0.25439453125 0.20588235294117646 0.0185546875 0.041176470588235294
0 0.29443359375 0.20220588235294118 0.0244140625 0.033823529411764704
0 0.32763671875 0.23602941176470588 0.0341796875 0.07205882352941176
0 0.36669921875 0.24411764705882352 0.0380859375 0.05
0 0.3994140625 0.24485294117647058 0.029296875 0.04264705882352941
0 0.45166015625 0.28088235294117647 0.0361328125 0.13529411764705881
0 0.48583984375 0.2735294117647059 0.0380859375 0.17352941176470588
0 0.5302734375 0.2735294117647059 0.044921875 0.17058823529411765
0 0.67236328125 0.25735294117647056 0.0654296875 0.1264705882352941
0 0.8349609375 0.3514705882352941 0.103515625 0.37941176470588234
1 0.142578125 0.4279411764705882 0.283203125 0.27058823529411763
