0 0.0283203125 0.4095052083333333 0.056640625 0.4674479166666667
0 0.03125 0.4765625 0.0625 0.4114583333333333
0 0.2470703125 0.24348958333333334 0.048828125 0.1328125
0 0.287109375 0.24088541666666666 0.056640625 0.11458333333333333
0 0.33154296875 0.236328125 0.0263671875 0.08984375
0 0.47509765625 0.23177083333333334 0.0966796875 0.13802083333333334
0 0.54443359375 0.22005208333333334 0.0380859375 0.1015625
0 0.5810546875 0.22135416666666666 0.072265625 0.15885416666666666
0 0.68798828125 0.21223958333333334 0.0361328125 0.14322916666666666
0 0.73193359375 0.24934895833333334 0.0986328125 0.2877604166666667
0 0.82958984375 0.3359375 0.0771484375 0.2421875
0 0.8486328125 0.32421875 0.03125 0.2526041666666667
0 0.90380859375 0.3053385416666667 0.0869140625 0.3424479166666667
0 0.96142578125 0.2825520833333333 0.0751953125 0.3567708333333333
1 0.12353515625 0.3821614583333333 0.1787109375 0.27734375
1 0.53515625 0.5377604166666666 0.876953125 0.6119791666666666
1 0.19091796875 0.2877604166666667 0.1259765625 0.1015625
1 0.3701171875 0.3365885416666667 0.38671875 0.20703125
1 0.501953125 0.2955729166666667 0.126953125 0.171875
1 0.80908203125 0.3170572916666667 0.3798828125 0.24348958333333334
