0 0.1318359375 0.45725915875169604 0.15625 0.5888738127544098
0 0.5341796875 0.48575305291723203 0.130859375 0.5753052917232022
0 0.6455078125 0.6709633649932157 0.115234375 0.5223880597014925
0 0.76025390625 0.621438263229308 0.0244140625 0.06784260515603799
0 0.7724609375 0.6099050203527816 0.017578125 0.05563093622795115
0 0.919921875 0.6309362279511533 0.072265625 0.16824966078697423
0 0.9873046875 0.6431478968792401 0.0234375 0.1628222523744912
1 0.04736328125 0.7388059701492538 0.0947265625 0.22116689280868385
1 0.86865234375 0.664179104477612 0.2060546875 0.2971506105834464
1 0.9697265625 0.6221166892808684 0.0234375 0.07462686567164178
