0 0.51123046875 0.5080527086383602 0.0556640625 0.22547584187408493
0 0.154296875 0.5453879941434846 0.115234375 0.30307467057101023
0 0.42578125 0.5190336749633968 0.078125 0.22108345534407028
0 0.92138671875 0.6390922401171303 0.0830078125 0.22108345534407028
1 0.0205078125 0.5973645680819912 0.041015625 0.30453879941434847
1 0.078125 0.5168374816983895 0.15625 0.3162518301610542
1 0.1083984375 0.49633967789165445 0.2109375 0.38945827232796487
1 0.23681640625 0.5102489019033675 0.0927734375 0.29428989751098095
1 0.310546875 0.5124450951683748 0.130859375 0.2547584187408492
1 0.29541015625 0.5395314787701317 0.0712890625 0.20351390922401172
1 0.37841796875 0.4158125915080527 0.0810546875 0.07906295754026355
1 0.38232421875 0.5095168374816984 0.0498046875 0.14348462664714495
1 0.4990234375 0.4780380673499268 0.0859375 0.17423133235724744
1 0.56005859375 0.4912152269399707 0.0537109375 0.1595900439238653
1 0.59033203125 0.46486090775988287 0.0966796875 0.14202049780380674
1 0.640625 0.42093704245973645 0.0390625 0.024890190336749635
