0 0.19580078125 0.35462555066079293 0.0244140625 0.07782672540381791
0 0.47998046875 0.44933920704845814 0.0810546875 0.09397944199706314
0 0.61865234375 0.3707782672540382 0.0439453125 0.13362701908957417
0 0.6650390625 0.34948604992657856 0.029296875 0.0881057268722467
0 0.681640625 0.35389133627019087 0.05078125 0.08516886930983847
0 0.85595703125 0.41923641703377384 0.0615234375 0.20411160058737152
0 0.904296875 0.42731277533039647 0.041015625 0.19676945668135096
1 0.1123046875 0.4185022026431718 0.224609375 0.16740088105726872
1 0.4453125 0.5976505139500734 0.830078125 0.46402349486049926
1 0.20849609375 0.3737151248164464 0.0791015625 0.042584434654919234
1 0.2294921875 0.3898678414096916 0.046875 0.039647577092511016
1 0.95263671875 0.7305433186490455 0.0927734375 0.3245227606461087
1 0.984375 0.4104258443465492 0.029296875 0.13362701908957417
